valid_count=478299
mean_angular_error_deg=6.056690
median_angular_error_deg=0.080663
rmse_angular_error_deg=20.891277
percent_below_11.25_deg=89.131067
percent_below_22.5_deg=91.990784
percent_below_30_deg=93.145710
