valid_count=488625
mean_angular_error_deg=7.131127
median_angular_error_deg=0.084067
rmse_angular_error_deg=20.083137
percent_below_11.25_deg=84.927296
percent_below_22.5_deg=90.006242
percent_below_30_deg=91.966027
