valid_count=498695
mean_angular_error_deg=7.937732
median_angular_error_deg=0.084524
rmse_angular_error_deg=22.452026
percent_below_11.25_deg=83.753396
percent_below_22.5_deg=88.614283
percent_below_30_deg=91.064679
