valid_count=498765
mean_angular_error_deg=5.040434
median_angular_error_deg=0.068487
rmse_angular_error_deg=17.792996
percent_below_11.25_deg=89.684120
percent_below_22.5_deg=93.750764
percent_below_30_deg=94.988822
