valid_count=498663
mean_angular_error_deg=5.662548
median_angular_error_deg=0.087553
rmse_angular_error_deg=19.723906
percent_below_11.25_deg=89.809751
percent_below_22.5_deg=92.434570
percent_below_30_deg=93.607908
