valid_count=497354
mean_angular_error_deg=2.483753
median_angular_error_deg=0.063253
rmse_angular_error_deg=13.187350
percent_below_11.25_deg=95.347780
percent_below_22.5_deg=96.767896
percent_below_30_deg=97.369479
