valid_count=498957
mean_angular_error_deg=6.983961
median_angular_error_deg=0.062569
rmse_angular_error_deg=21.664233
percent_below_11.25_deg=86.510060
percent_below_22.5_deg=90.722447
percent_below_30_deg=92.397541
