valid_count=491586
mean_angular_error_deg=3.835099
median_angular_error_deg=0.061354
rmse_angular_error_deg=15.812205
percent_below_11.25_deg=92.552270
percent_below_22.5_deg=95.217317
percent_below_30_deg=96.158556
