valid_count=498384
mean_angular_error_deg=16.548723
median_angular_error_deg=0.087821
rmse_angular_error_deg=37.714349
percent_below_11.25_deg=76.051197
percent_below_22.5_deg=79.775234
percent_below_30_deg=81.589497
