valid_count=491291
mean_angular_error_deg=3.712458
median_angular_error_deg=0.058933
rmse_angular_error_deg=15.455228
percent_below_11.25_deg=92.761724
percent_below_22.5_deg=95.316421
percent_below_30_deg=96.271049
