valid_count=486869
mean_angular_error_deg=11.425535
median_angular_error_deg=0.081814
rmse_angular_error_deg=28.746884
percent_below_11.25_deg=79.936492
percent_below_22.5_deg=84.688489
percent_below_30_deg=86.719015
