valid_count=498501
mean_angular_error_deg=5.813547
median_angular_error_deg=0.079130
rmse_angular_error_deg=20.129604
percent_below_11.25_deg=89.422489
percent_below_22.5_deg=92.321781
percent_below_30_deg=93.553674
