valid_count=498903
mean_angular_error_deg=2.451263
median_angular_error_deg=0.064685
rmse_angular_error_deg=11.290955
percent_below_11.25_deg=94.352610
percent_below_22.5_deg=97.067767
percent_below_30_deg=97.967340
