valid_count=476192
mean_angular_error_deg=6.973156
median_angular_error_deg=0.074331
rmse_angular_error_deg=20.207796
percent_below_11.25_deg=85.056658
percent_below_22.5_deg=90.085092
percent_below_30_deg=92.119985
