valid_count=496807
mean_angular_error_deg=1.870959
median_angular_error_deg=0.054727
rmse_angular_error_deg=9.249854
percent_below_11.25_deg=95.404252
percent_below_22.5_deg=97.690653
percent_below_30_deg=98.454329
