valid_count=486618
mean_angular_error_deg=3.145659
median_angular_error_deg=0.056496
rmse_angular_error_deg=14.429547
percent_below_11.25_deg=94.538426
percent_below_22.5_deg=96.203387
percent_below_30_deg=96.812284
