valid_count=498584
mean_angular_error_deg=8.643575
median_angular_error_deg=0.091383
rmse_angular_error_deg=23.365474
percent_below_11.25_deg=81.853208
percent_below_22.5_deg=87.685726
percent_below_30_deg=90.458178
