valid_count=498909
mean_angular_error_deg=5.263306
median_angular_error_deg=0.069967
rmse_angular_error_deg=17.725575
percent_below_11.25_deg=89.401674
percent_below_22.5_deg=93.316016
percent_below_30_deg=94.675983
