valid_count=499137
mean_angular_error_deg=3.492292
median_angular_error_deg=0.076643
rmse_angular_error_deg=13.016755
percent_below_11.25_deg=91.996185
percent_below_22.5_deg=95.834210
percent_below_30_deg=96.876809
