valid_count=499114
mean_angular_error_deg=2.506740
median_angular_error_deg=0.054266
rmse_angular_error_deg=11.040107
percent_below_11.25_deg=94.069291
percent_below_22.5_deg=96.717984
percent_below_30_deg=97.623389
