valid_count=499071
mean_angular_error_deg=3.912861
median_angular_error_deg=0.071797
rmse_angular_error_deg=14.053298
percent_below_11.25_deg=91.218083
percent_below_22.5_deg=95.342947
percent_below_30_deg=96.479659
