valid_count=491399
mean_angular_error_deg=7.341456
median_angular_error_deg=0.083675
rmse_angular_error_deg=19.559380
percent_below_11.25_deg=82.293818
percent_below_22.5_deg=88.484918
percent_below_30_deg=91.642433
