valid_count=498344
mean_angular_error_deg=6.460162
median_angular_error_deg=0.075863
rmse_angular_error_deg=22.061927
percent_below_11.25_deg=89.155483
percent_below_22.5_deg=91.781380
percent_below_30_deg=92.948245
