valid_count=498942
mean_angular_error_deg=4.704144
median_angular_error_deg=0.068839
rmse_angular_error_deg=16.773642
percent_below_11.25_deg=90.419528
percent_below_22.5_deg=93.661187
percent_below_30_deg=95.010242
