valid_count=499067
mean_angular_error_deg=2.436817
median_angular_error_deg=0.060429
rmse_angular_error_deg=11.544664
percent_below_11.25_deg=94.525184
percent_below_22.5_deg=97.124835
percent_below_30_deg=97.987044
