valid_count=438622
mean_angular_error_deg=15.030707
median_angular_error_deg=0.100930
rmse_angular_error_deg=33.630627
percent_below_11.25_deg=71.737168
percent_below_22.5_deg=80.223746
percent_below_30_deg=83.682077
