valid_count=498706
mean_angular_error_deg=6.130732
median_angular_error_deg=0.087237
rmse_angular_error_deg=19.911583
percent_below_11.25_deg=88.474973
percent_below_22.5_deg=91.830858
percent_below_30_deg=93.060440
