valid_count=498576
mean_angular_error_deg=6.796406
median_angular_error_deg=0.067281
rmse_angular_error_deg=20.576334
percent_below_11.25_deg=85.793139
percent_below_22.5_deg=90.265476
percent_below_30_deg=92.356832
