valid_count=498699
mean_angular_error_deg=4.881352
median_angular_error_deg=0.067678
rmse_angular_error_deg=18.071031
percent_below_11.25_deg=90.835554
percent_below_22.5_deg=93.557236
percent_below_30_deg=94.641056
