valid_count=498555
mean_angular_error_deg=4.284705
median_angular_error_deg=0.062790
rmse_angular_error_deg=15.442574
percent_below_11.25_deg=90.616080
percent_below_22.5_deg=94.146283
percent_below_30_deg=95.495181
