valid_count=498954
mean_angular_error_deg=2.413418
median_angular_error_deg=0.062951
rmse_angular_error_deg=11.071737
percent_below_11.25_deg=94.385254
percent_below_22.5_deg=97.024976
percent_below_30_deg=97.960133
