valid_count=498722
mean_angular_error_deg=6.226890
median_angular_error_deg=0.064415
rmse_angular_error_deg=19.816841
percent_below_11.25_deg=87.413228
percent_below_22.5_deg=91.321017
percent_below_30_deg=93.064072
