valid_count=493893
mean_angular_error_deg=7.645413
median_angular_error_deg=0.097986
rmse_angular_error_deg=22.466943
percent_below_11.25_deg=85.636363
percent_below_22.5_deg=89.783820
percent_below_30_deg=91.387001
