valid_count=499116
mean_angular_error_deg=2.598543
median_angular_error_deg=0.070835
rmse_angular_error_deg=12.199112
percent_below_11.25_deg=94.965699
percent_below_22.5_deg=97.079436
percent_below_30_deg=97.555077
