valid_count=448780
mean_angular_error_deg=5.252634
median_angular_error_deg=0.078796
rmse_angular_error_deg=17.611924
percent_below_11.25_deg=89.417086
percent_below_22.5_deg=93.076786
percent_below_30_deg=94.688489
