valid_count=497743
mean_angular_error_deg=6.077906
median_angular_error_deg=0.072963
rmse_angular_error_deg=21.859230
percent_below_11.25_deg=90.236929
percent_below_22.5_deg=92.534702
percent_below_30_deg=93.529191
