valid_count=498610
mean_angular_error_deg=7.801166
median_angular_error_deg=0.070265
rmse_angular_error_deg=23.595551
percent_below_11.25_deg=85.652113
percent_below_22.5_deg=89.841158
percent_below_30_deg=91.772528
