valid_count=498884
mean_angular_error_deg=2.136146
median_angular_error_deg=0.068803
rmse_angular_error_deg=10.015964
percent_below_11.25_deg=95.039929
percent_below_22.5_deg=97.111152
percent_below_30_deg=97.983499
