valid_count=481408
mean_angular_error_deg=4.591393
median_angular_error_deg=0.074005
rmse_angular_error_deg=18.011718
percent_below_11.25_deg=91.702880
percent_below_22.5_deg=93.954400
percent_below_30_deg=94.903907
