valid_count=483616
mean_angular_error_deg=7.205364
median_angular_error_deg=0.085753
rmse_angular_error_deg=21.672786
percent_below_11.25_deg=86.006873
percent_below_22.5_deg=90.440763
percent_below_30_deg=92.156794
