valid_count=469439
mean_angular_error_deg=11.039607
median_angular_error_deg=0.102109
rmse_angular_error_deg=27.999645
percent_below_11.25_deg=81.472779
percent_below_22.5_deg=85.523359
percent_below_30_deg=87.206645
