valid_count=488248
mean_angular_error_deg=5.844766
median_angular_error_deg=0.071260
rmse_angular_error_deg=18.674876
percent_below_11.25_deg=88.138610
percent_below_22.5_deg=91.889163
percent_below_30_deg=93.334740
