valid_count=498528
mean_angular_error_deg=5.973402
median_angular_error_deg=0.076987
rmse_angular_error_deg=21.935339
percent_below_11.25_deg=90.350592
percent_below_22.5_deg=92.712746
percent_below_30_deg=93.703463
