valid_count=484657
mean_angular_error_deg=8.525594
median_angular_error_deg=0.083406
rmse_angular_error_deg=24.869711
percent_below_11.25_deg=84.815034
percent_below_22.5_deg=89.036783
percent_below_30_deg=90.752223
