valid_count=498685
mean_angular_error_deg=4.466448
median_angular_error_deg=0.067632
rmse_angular_error_deg=16.080495
percent_below_11.25_deg=91.008151
percent_below_22.5_deg=94.049751
percent_below_30_deg=95.238277
