valid_count=498891
mean_angular_error_deg=3.917769
median_angular_error_deg=0.096007
rmse_angular_error_deg=15.638483
percent_below_11.25_deg=92.262839
percent_below_22.5_deg=94.871224
percent_below_30_deg=95.874049
