valid_count=480062
mean_angular_error_deg=7.015737
median_angular_error_deg=0.080505
rmse_angular_error_deg=21.650530
percent_below_11.25_deg=86.694010
percent_below_22.5_deg=90.876595
percent_below_30_deg=92.542005
