valid_count=499089
mean_angular_error_deg=6.650367
median_angular_error_deg=0.068544
rmse_angular_error_deg=21.401311
percent_below_11.25_deg=87.283030
percent_below_22.5_deg=91.022042
percent_below_30_deg=92.593706
