valid_count=486915
mean_angular_error_deg=4.202309
median_angular_error_deg=0.057662
rmse_angular_error_deg=16.761806
percent_below_11.25_deg=92.495610
percent_below_22.5_deg=94.546481
percent_below_30_deg=95.295483
