valid_count=498230
mean_angular_error_deg=7.768264
median_angular_error_deg=0.061172
rmse_angular_error_deg=22.964301
percent_below_11.25_deg=84.953335
percent_below_22.5_deg=89.732854
percent_below_30_deg=91.580796
