valid_count=498348
mean_angular_error_deg=7.077961
median_angular_error_deg=0.071777
rmse_angular_error_deg=21.900589
percent_below_11.25_deg=86.683201
percent_below_22.5_deg=90.971369
percent_below_30_deg=92.673393
