valid_count=487386
mean_angular_error_deg=11.258603
median_angular_error_deg=0.081285
rmse_angular_error_deg=28.465448
percent_below_11.25_deg=80.171774
percent_below_22.5_deg=84.830709
percent_below_30_deg=86.872007
