valid_count=498536
mean_angular_error_deg=6.569380
median_angular_error_deg=0.066873
rmse_angular_error_deg=20.211931
percent_below_11.25_deg=86.368487
percent_below_22.5_deg=90.807083
percent_below_30_deg=92.745559
