valid_count=488092
mean_angular_error_deg=4.548457
median_angular_error_deg=0.066939
rmse_angular_error_deg=16.854025
percent_below_11.25_deg=90.945764
percent_below_22.5_deg=93.749744
percent_below_30_deg=94.889898
