valid_count=471594
mean_angular_error_deg=8.493154
median_angular_error_deg=0.092827
rmse_angular_error_deg=21.963303
percent_below_11.25_deg=81.964783
percent_below_22.5_deg=88.571101
percent_below_30_deg=90.607811
