valid_count=487085
mean_angular_error_deg=7.992805
median_angular_error_deg=0.084231
rmse_angular_error_deg=21.608438
percent_below_11.25_deg=81.933543
percent_below_22.5_deg=88.807703
percent_below_30_deg=91.574161
