valid_count=498750
mean_angular_error_deg=8.232479
median_angular_error_deg=0.070725
rmse_angular_error_deg=22.764424
percent_below_11.25_deg=83.289424
percent_below_22.5_deg=88.270877
percent_below_30_deg=90.461554
