valid_count=498764
mean_angular_error_deg=8.236136
median_angular_error_deg=0.088611
rmse_angular_error_deg=22.925498
percent_below_11.25_deg=83.188843
percent_below_22.5_deg=88.226295
percent_below_30_deg=90.792238
