valid_count=499060
mean_angular_error_deg=2.282264
median_angular_error_deg=0.058823
rmse_angular_error_deg=11.337108
percent_below_11.25_deg=94.861540
percent_below_22.5_deg=97.295315
percent_below_30_deg=98.118463
