valid_count=478742
mean_angular_error_deg=6.650708
median_angular_error_deg=0.071780
rmse_angular_error_deg=20.641717
percent_below_11.25_deg=86.811477
percent_below_22.5_deg=91.032539
percent_below_30_deg=92.742855
