valid_count=499033
mean_angular_error_deg=7.815388
median_angular_error_deg=0.066176
rmse_angular_error_deg=23.482995
percent_below_11.25_deg=85.426214
percent_below_22.5_deg=89.546984
percent_below_30_deg=91.204590
