valid_count=498759
mean_angular_error_deg=7.030398
median_angular_error_deg=0.069348
rmse_angular_error_deg=20.794689
percent_below_11.25_deg=85.327583
percent_below_22.5_deg=89.851411
percent_below_30_deg=92.079942
