valid_count=485370
mean_angular_error_deg=9.731015
median_angular_error_deg=0.075045
rmse_angular_error_deg=27.339010
percent_below_11.25_deg=83.973258
percent_below_22.5_deg=87.670849
percent_below_30_deg=89.120877
