valid_count=480043
mean_angular_error_deg=7.422724
median_angular_error_deg=0.059332
rmse_angular_error_deg=23.542731
percent_below_11.25_deg=86.591201
percent_below_22.5_deg=90.145258
percent_below_30_deg=91.674496
