valid_count=499104
mean_angular_error_deg=2.076070
median_angular_error_deg=0.053418
rmse_angular_error_deg=9.815766
percent_below_11.25_deg=95.085593
percent_below_22.5_deg=97.267303
percent_below_30_deg=98.219810
