valid_count=487253
mean_angular_error_deg=9.658202
median_angular_error_deg=0.075391
rmse_angular_error_deg=27.493650
percent_below_11.25_deg=83.977728
percent_below_22.5_deg=87.995148
percent_below_30_deg=89.492317
