valid_count=490816
mean_angular_error_deg=3.861961
median_angular_error_deg=0.060149
rmse_angular_error_deg=15.663365
percent_below_11.25_deg=92.371887
percent_below_22.5_deg=95.133614
percent_below_30_deg=96.120135
