valid_count=497449
mean_angular_error_deg=3.402464
median_angular_error_deg=0.065120
rmse_angular_error_deg=14.917202
percent_below_11.25_deg=93.531196
percent_below_22.5_deg=95.929633
percent_below_30_deg=96.791028
