valid_count=495503
mean_angular_error_deg=4.032987
median_angular_error_deg=0.060940
rmse_angular_error_deg=17.413224
percent_below_11.25_deg=93.187730
percent_below_22.5_deg=94.922331
percent_below_30_deg=95.697503
