valid_count=498702
mean_angular_error_deg=13.401941
median_angular_error_deg=0.079002
rmse_angular_error_deg=31.268751
percent_below_11.25_deg=75.282834
percent_below_22.5_deg=80.855300
percent_below_30_deg=84.074257
