valid_count=498770
mean_angular_error_deg=6.246362
median_angular_error_deg=0.064806
rmse_angular_error_deg=19.833454
percent_below_11.25_deg=87.349881
percent_below_22.5_deg=91.255088
percent_below_30_deg=93.042485
