valid_count=498557
mean_angular_error_deg=6.851319
median_angular_error_deg=0.067449
rmse_angular_error_deg=20.611743
percent_below_11.25_deg=85.622306
percent_below_22.5_deg=90.273128
percent_below_30_deg=92.352931
