valid_count=481337
mean_angular_error_deg=7.722408
median_angular_error_deg=0.056822
rmse_angular_error_deg=23.950190
percent_below_11.25_deg=86.275312
percent_below_22.5_deg=89.712405
percent_below_30_deg=91.387739
