valid_count=499133
mean_angular_error_deg=4.571484
median_angular_error_deg=0.077077
rmse_angular_error_deg=17.275806
percent_below_11.25_deg=91.228991
percent_below_22.5_deg=94.078532
percent_below_30_deg=95.085879
