valid_count=430062
mean_angular_error_deg=7.631746
median_angular_error_deg=0.074133
rmse_angular_error_deg=23.333415
percent_below_11.25_deg=85.489999
percent_below_22.5_deg=90.277681
percent_below_30_deg=92.038357
