valid_count=480797
mean_angular_error_deg=7.214279
median_angular_error_deg=0.074550
rmse_angular_error_deg=22.405852
percent_below_11.25_deg=87.028621
percent_below_22.5_deg=90.621198
percent_below_30_deg=92.209394
