valid_count=486016
mean_angular_error_deg=6.635960
median_angular_error_deg=0.070263
rmse_angular_error_deg=20.010229
percent_below_11.25_deg=86.156423
percent_below_22.5_deg=90.396201
percent_below_30_deg=92.045941
