valid_count=487998
mean_angular_error_deg=4.399852
median_angular_error_deg=0.069297
rmse_angular_error_deg=16.210991
percent_below_11.25_deg=91.190948
percent_below_22.5_deg=93.957147
percent_below_30_deg=95.093423
