valid_count=470757
mean_angular_error_deg=13.451713
median_angular_error_deg=0.079754
rmse_angular_error_deg=35.417161
percent_below_11.25_deg=79.468176
percent_below_22.5_deg=84.010009
percent_below_30_deg=86.558670
