valid_count=499088
mean_angular_error_deg=2.557252
median_angular_error_deg=0.055298
rmse_angular_error_deg=11.269113
percent_below_11.25_deg=93.977816
percent_below_22.5_deg=96.672130
percent_below_30_deg=97.656325
