valid_count=498453
mean_angular_error_deg=2.487480
median_angular_error_deg=0.060989
rmse_angular_error_deg=11.501053
percent_below_11.25_deg=94.405691
percent_below_22.5_deg=96.916861
percent_below_30_deg=97.779129
