valid_count=499037
mean_angular_error_deg=2.494516
median_angular_error_deg=0.058226
rmse_angular_error_deg=11.199242
percent_below_11.25_deg=94.077193
percent_below_22.5_deg=96.861155
percent_below_30_deg=97.784934
