valid_count=484407
mean_angular_error_deg=9.171341
median_angular_error_deg=0.081728
rmse_angular_error_deg=24.258076
percent_below_11.25_deg=82.002324
percent_below_22.5_deg=86.949404
percent_below_30_deg=89.258413
