valid_count=425682
mean_angular_error_deg=9.925312
median_angular_error_deg=0.080971
rmse_angular_error_deg=26.445439
percent_below_11.25_deg=80.440329
percent_below_22.5_deg=87.015894
percent_below_30_deg=89.531857
