valid_count=498948
mean_angular_error_deg=4.008146
median_angular_error_deg=0.057285
rmse_angular_error_deg=17.413288
percent_below_11.25_deg=93.519766
percent_below_22.5_deg=95.091272
percent_below_30_deg=95.755269
