valid_count=477052
mean_angular_error_deg=9.110548
median_angular_error_deg=0.090968
rmse_angular_error_deg=23.151589
percent_below_11.25_deg=80.883216
percent_below_22.5_deg=87.886645
percent_below_30_deg=90.152227
