valid_count=498821
mean_angular_error_deg=6.404180
median_angular_error_deg=0.071862
rmse_angular_error_deg=19.880160
percent_below_11.25_deg=86.634083
percent_below_22.5_deg=90.970909
percent_below_30_deg=92.784586
