valid_count=498308
mean_angular_error_deg=7.276379
median_angular_error_deg=0.068350
rmse_angular_error_deg=24.135768
percent_below_11.25_deg=88.238599
percent_below_22.5_deg=90.915458
percent_below_30_deg=92.018591
