valid_count=495416
mean_angular_error_deg=2.075957
median_angular_error_deg=0.058738
rmse_angular_error_deg=9.784123
percent_below_11.25_deg=94.875822
percent_below_22.5_deg=97.540451
percent_below_30_deg=98.332109
