valid_count=498697
mean_angular_error_deg=7.876352
median_angular_error_deg=0.061149
rmse_angular_error_deg=23.633393
percent_below_11.25_deg=85.485976
percent_below_22.5_deg=89.358468
percent_below_30_deg=90.946607
