valid_count=498349
mean_angular_error_deg=18.201091
median_angular_error_deg=0.101079
rmse_angular_error_deg=39.633033
percent_below_11.25_deg=71.859881
percent_below_22.5_deg=76.871831
percent_below_30_deg=79.596427
