valid_count=422060
mean_angular_error_deg=15.090713
median_angular_error_deg=1.986130
rmse_angular_error_deg=30.809466
percent_below_11.25_deg=65.862674
percent_below_22.5_deg=78.964602
percent_below_30_deg=83.689760
