valid_count=498751
mean_angular_error_deg=8.139446
median_angular_error_deg=0.064549
rmse_angular_error_deg=23.435355
percent_below_11.25_deg=84.131561
percent_below_22.5_deg=88.418870
percent_below_30_deg=90.327839
