valid_count=498284
mean_angular_error_deg=5.710938
median_angular_error_deg=0.081453
rmse_angular_error_deg=19.975442
percent_below_11.25_deg=89.742797
percent_below_22.5_deg=92.387875
percent_below_30_deg=93.525379
