valid_count=498523
mean_angular_error_deg=6.646394
median_angular_error_deg=0.067073
rmse_angular_error_deg=20.337686
percent_below_11.25_deg=86.211067
percent_below_22.5_deg=90.709155
percent_below_30_deg=92.693015
