valid_count=441726
mean_angular_error_deg=8.458949
median_angular_error_deg=0.063103
rmse_angular_error_deg=25.739017
percent_below_11.25_deg=85.525643
percent_below_22.5_deg=89.121763
percent_below_30_deg=90.718228
