valid_count=496888
mean_angular_error_deg=7.655798
median_angular_error_deg=0.076612
rmse_angular_error_deg=24.572302
percent_below_11.25_deg=87.163103
percent_below_22.5_deg=90.331222
percent_below_30_deg=91.649829
