valid_count=490464
mean_angular_error_deg=5.477057
median_angular_error_deg=0.075595
rmse_angular_error_deg=17.223550
percent_below_11.25_deg=87.782997
percent_below_22.5_deg=92.369063
percent_below_30_deg=94.282353
