valid_count=498723
mean_angular_error_deg=6.718190
median_angular_error_deg=0.073960
rmse_angular_error_deg=20.116922
percent_below_11.25_deg=85.890966
percent_below_22.5_deg=90.427953
percent_below_30_deg=92.412020
