valid_count=480809
mean_angular_error_deg=4.726865
median_angular_error_deg=0.076058
rmse_angular_error_deg=18.081394
percent_below_11.25_deg=91.229573
percent_below_22.5_deg=93.651117
percent_below_30_deg=94.720149
