valid_count=498792
mean_angular_error_deg=7.938867
median_angular_error_deg=0.060994
rmse_angular_error_deg=23.586192
percent_below_11.25_deg=85.150925
percent_below_22.5_deg=89.189081
percent_below_30_deg=90.874954
