valid_count=498575
mean_angular_error_deg=5.883472
median_angular_error_deg=0.071343
rmse_angular_error_deg=19.491835
percent_below_11.25_deg=88.347390
percent_below_22.5_deg=91.915760
percent_below_30_deg=93.531966
