valid_count=498384
mean_angular_error_deg=7.107639
median_angular_error_deg=0.073729
rmse_angular_error_deg=22.043432
percent_below_11.25_deg=86.642228
percent_below_22.5_deg=90.997504
percent_below_30_deg=92.686563
