valid_count=498197
mean_angular_error_deg=7.936182
median_angular_error_deg=0.062817
rmse_angular_error_deg=23.239740
percent_below_11.25_deg=84.596656
percent_below_22.5_deg=89.487291
percent_below_30_deg=91.369077
