valid_count=490115
mean_angular_error_deg=9.315599
median_angular_error_deg=0.073969
rmse_angular_error_deg=27.498492
percent_below_11.25_deg=84.853351
percent_below_22.5_deg=88.500658
percent_below_30_deg=90.048662
