valid_count=484246
mean_angular_error_deg=5.077745
median_angular_error_deg=0.063772
rmse_angular_error_deg=19.444491
percent_below_11.25_deg=90.792077
percent_below_22.5_deg=93.658802
percent_below_30_deg=94.826803
