valid_count=498933
mean_angular_error_deg=2.470750
median_angular_error_deg=0.065334
rmse_angular_error_deg=11.367215
percent_below_11.25_deg=94.329900
percent_below_22.5_deg=97.025252
percent_below_30_deg=97.926575
