valid_count=481707
mean_angular_error_deg=7.455508
median_angular_error_deg=0.096375
rmse_angular_error_deg=20.651629
percent_below_11.25_deg=84.933995
percent_below_22.5_deg=90.120550
percent_below_30_deg=92.196086
