valid_count=498785
mean_angular_error_deg=4.631993
median_angular_error_deg=0.089182
rmse_angular_error_deg=17.509868
percent_below_11.25_deg=91.006746
percent_below_22.5_deg=93.990196
percent_below_30_deg=95.192718
