valid_count=494632
mean_angular_error_deg=2.697584
median_angular_error_deg=0.068314
rmse_angular_error_deg=11.348864
percent_below_11.25_deg=93.518009
percent_below_22.5_deg=96.614857
percent_below_30_deg=97.520379
