valid_count=499074
mean_angular_error_deg=2.307508
median_angular_error_deg=0.059757
rmse_angular_error_deg=11.223648
percent_below_11.25_deg=94.755688
percent_below_22.5_deg=97.341877
percent_below_30_deg=98.124527
