valid_count=498392
mean_angular_error_deg=16.360286
median_angular_error_deg=0.106158
rmse_angular_error_deg=34.662350
percent_below_11.25_deg=70.218021
percent_below_22.5_deg=76.731769
percent_below_30_deg=80.328135
