valid_count=497885
mean_angular_error_deg=3.073950
median_angular_error_deg=0.067947
rmse_angular_error_deg=13.658449
percent_below_11.25_deg=93.846571
percent_below_22.5_deg=96.302761
percent_below_30_deg=97.121022
