valid_count=499032
mean_angular_error_deg=2.018478
median_angular_error_deg=0.070826
rmse_angular_error_deg=10.127109
percent_below_11.25_deg=95.670418
percent_below_22.5_deg=97.147077
percent_below_30_deg=97.913561
