valid_count=486574
mean_angular_error_deg=5.504296
median_angular_error_deg=0.068013
rmse_angular_error_deg=20.173606
percent_below_11.25_deg=90.647466
percent_below_22.5_deg=93.031892
percent_below_30_deg=94.033795
