valid_count=498642
mean_angular_error_deg=15.269020
median_angular_error_deg=0.085453
rmse_angular_error_deg=35.667991
percent_below_11.25_deg=77.071125
percent_below_22.5_deg=80.958884
percent_below_30_deg=82.788253
