valid_count=489970
mean_angular_error_deg=7.592082
median_angular_error_deg=0.065230
rmse_angular_error_deg=22.236939
percent_below_11.25_deg=84.744984
percent_below_22.5_deg=89.396085
percent_below_30_deg=91.544788
