valid_count=481923
mean_angular_error_deg=6.853742
median_angular_error_deg=0.067944
rmse_angular_error_deg=21.767670
percent_below_11.25_deg=87.170357
percent_below_22.5_deg=90.848538
percent_below_30_deg=92.434476
