valid_count=479782
mean_angular_error_deg=9.883225
median_angular_error_deg=0.083975
rmse_angular_error_deg=24.584519
percent_below_11.25_deg=79.752679
percent_below_22.5_deg=86.700210
percent_below_30_deg=89.185088
