valid_count=491232
mean_angular_error_deg=7.324679
median_angular_error_deg=0.082792
rmse_angular_error_deg=19.556557
percent_below_11.25_deg=82.413401
percent_below_22.5_deg=88.689662
percent_below_30_deg=91.750334
