valid_count=447108
mean_angular_error_deg=4.742379
median_angular_error_deg=0.062553
rmse_angular_error_deg=17.651636
percent_below_11.25_deg=90.872899
percent_below_22.5_deg=93.517003
percent_below_30_deg=94.657890
