valid_count=495476
mean_angular_error_deg=3.896195
median_angular_error_deg=0.063273
rmse_angular_error_deg=16.508045
percent_below_11.25_deg=93.012780
percent_below_22.5_deg=94.825582
percent_below_30_deg=95.654078
