valid_count=486762
mean_angular_error_deg=6.476232
median_angular_error_deg=0.069113
rmse_angular_error_deg=19.861376
percent_below_11.25_deg=86.656313
percent_below_22.5_deg=90.740444
percent_below_30_deg=92.296851
