valid_count=498608
mean_angular_error_deg=5.062384
median_angular_error_deg=0.083227
rmse_angular_error_deg=18.145114
percent_below_11.25_deg=90.264496
percent_below_22.5_deg=93.126264
percent_below_30_deg=94.489860
