valid_count=498847
mean_angular_error_deg=4.601269
median_angular_error_deg=0.065722
rmse_angular_error_deg=16.928056
percent_below_11.25_deg=90.714989
percent_below_22.5_deg=93.867458
percent_below_30_deg=95.210756
