valid_count=499088
mean_angular_error_deg=2.399901
median_angular_error_deg=0.053483
rmse_angular_error_deg=10.694286
percent_below_11.25_deg=94.374940
percent_below_22.5_deg=96.812987
percent_below_30_deg=97.690988
