valid_count=497697
mean_angular_error_deg=4.062951
median_angular_error_deg=0.066365
rmse_angular_error_deg=17.057629
percent_below_11.25_deg=93.110065
percent_below_22.5_deg=95.166135
percent_below_30_deg=95.883238
