valid_count=498929
mean_angular_error_deg=4.814937
median_angular_error_deg=0.072536
rmse_angular_error_deg=16.447638
percent_below_11.25_deg=89.669472
percent_below_22.5_deg=93.450170
percent_below_30_deg=94.910298
