valid_count=497741
mean_angular_error_deg=2.078224
median_angular_error_deg=0.055549
rmse_angular_error_deg=12.042648
percent_below_11.25_deg=96.492352
percent_below_22.5_deg=97.665854
percent_below_30_deg=98.075706
