valid_count=494517
mean_angular_error_deg=7.584165
median_angular_error_deg=0.069716
rmse_angular_error_deg=25.097369
percent_below_11.25_deg=87.927008
percent_below_22.5_deg=90.808203
percent_below_30_deg=92.164273
