valid_count=499047
mean_angular_error_deg=7.556195
median_angular_error_deg=0.066268
rmse_angular_error_deg=23.123460
percent_below_11.25_deg=85.954429
percent_below_22.5_deg=89.925398
percent_below_30_deg=91.499799
