valid_count=498709
mean_angular_error_deg=9.738087
median_angular_error_deg=0.074628
rmse_angular_error_deg=25.106368
percent_below_11.25_deg=80.515491
percent_below_22.5_deg=86.084270
percent_below_30_deg=88.536602
