valid_count=499007
mean_angular_error_deg=5.078057
median_angular_error_deg=0.072876
rmse_angular_error_deg=17.480601
percent_below_11.25_deg=89.743230
percent_below_22.5_deg=93.962009
percent_below_30_deg=95.232532
