valid_count=498395
mean_angular_error_deg=7.503204
median_angular_error_deg=0.069389
rmse_angular_error_deg=22.922727
percent_below_11.25_deg=86.171410
percent_below_22.5_deg=90.138946
percent_below_30_deg=91.932704
