valid_count=497563
mean_angular_error_deg=3.897815
median_angular_error_deg=0.064268
rmse_angular_error_deg=16.093201
percent_below_11.25_deg=92.690976
percent_below_22.5_deg=95.365813
percent_below_30_deg=96.177168
