valid_count=489487
mean_angular_error_deg=6.015618
median_angular_error_deg=0.079901
rmse_angular_error_deg=18.554292
percent_below_11.25_deg=86.970236
percent_below_22.5_deg=91.592218
percent_below_30_deg=93.531391
