valid_count=498233
mean_angular_error_deg=7.704648
median_angular_error_deg=0.068488
rmse_angular_error_deg=22.838728
percent_below_11.25_deg=85.008821
percent_below_22.5_deg=89.297578
percent_below_30_deg=91.156748
