valid_count=491239
mean_angular_error_deg=3.157990
median_angular_error_deg=0.051279
rmse_angular_error_deg=15.310468
percent_below_11.25_deg=94.843650
percent_below_22.5_deg=96.174164
percent_below_30_deg=96.754126
