valid_count=493633
mean_angular_error_deg=7.286161
median_angular_error_deg=0.062715
rmse_angular_error_deg=24.087816
percent_below_11.25_deg=88.405759
percent_below_22.5_deg=90.862240
percent_below_30_deg=91.904917
