valid_count=488293
mean_angular_error_deg=9.685269
median_angular_error_deg=0.076119
rmse_angular_error_deg=27.689795
percent_below_11.25_deg=84.073497
percent_below_22.5_deg=87.970337
percent_below_30_deg=89.487664
