valid_count=498749
mean_angular_error_deg=7.456267
median_angular_error_deg=0.060468
rmse_angular_error_deg=22.543088
percent_below_11.25_deg=85.814508
percent_below_22.5_deg=89.963890
percent_below_30_deg=91.533617
