valid_count=498371
mean_angular_error_deg=17.418895
median_angular_error_deg=0.101306
rmse_angular_error_deg=38.208044
percent_below_11.25_deg=72.000377
percent_below_22.5_deg=77.168415
percent_below_30_deg=80.019102
