valid_count=495139
mean_angular_error_deg=7.591881
median_angular_error_deg=0.070697
rmse_angular_error_deg=22.765107
percent_below_11.25_deg=85.864373
percent_below_22.5_deg=89.781859
percent_below_30_deg=91.443413
