valid_count=484713
mean_angular_error_deg=5.722512
median_angular_error_deg=0.083511
rmse_angular_error_deg=18.715361
percent_below_11.25_deg=88.257587
percent_below_22.5_deg=92.470183
percent_below_30_deg=94.096919
