valid_count=490637
mean_angular_error_deg=5.255397
median_angular_error_deg=0.072267
rmse_angular_error_deg=16.936789
percent_below_11.25_deg=88.522879
percent_below_22.5_deg=93.035788
percent_below_30_deg=94.729301
