valid_count=496119
mean_angular_error_deg=3.180691
median_angular_error_deg=0.075518
rmse_angular_error_deg=13.074176
percent_below_11.25_deg=92.882756
percent_below_22.5_deg=95.904612
percent_below_30_deg=96.879781
