valid_count=498570
mean_angular_error_deg=3.856737
median_angular_error_deg=0.058781
rmse_angular_error_deg=16.150249
percent_below_11.25_deg=92.790180
percent_below_22.5_deg=94.805143
percent_below_30_deg=95.702509
