valid_count=499066
mean_angular_error_deg=2.265940
median_angular_error_deg=0.057331
rmse_angular_error_deg=11.367533
percent_below_11.25_deg=94.985633
percent_below_22.5_deg=97.157290
percent_below_30_deg=97.998060
