valid_count=440199
mean_angular_error_deg=4.783280
median_angular_error_deg=0.062401
rmse_angular_error_deg=17.734799
percent_below_11.25_deg=90.821878
percent_below_22.5_deg=93.450008
percent_below_30_deg=94.594945
