valid_count=486996
mean_angular_error_deg=5.705253
median_angular_error_deg=0.067903
rmse_angular_error_deg=20.043936
percent_below_11.25_deg=89.724146
percent_below_22.5_deg=92.603019
percent_below_30_deg=93.798101
