valid_count=468080
mean_angular_error_deg=10.370972
median_angular_error_deg=0.101163
rmse_angular_error_deg=27.039396
percent_below_11.25_deg=82.488250
percent_below_22.5_deg=86.577935
percent_below_30_deg=88.193258
