valid_count=498550
mean_angular_error_deg=4.304512
median_angular_error_deg=0.064005
rmse_angular_error_deg=17.120072
percent_below_11.25_deg=92.036305
percent_below_22.5_deg=94.125765
percent_below_30_deg=95.101595
