valid_count=486590
mean_angular_error_deg=6.359430
median_angular_error_deg=0.072195
rmse_angular_error_deg=20.004688
percent_below_11.25_deg=88.022360
percent_below_22.5_deg=91.333977
percent_below_30_deg=92.675764
