valid_count=488319
mean_angular_error_deg=6.960311
median_angular_error_deg=0.088144
rmse_angular_error_deg=19.987352
percent_below_11.25_deg=85.166049
percent_below_22.5_deg=90.403814
percent_below_30_deg=92.518415
