valid_count=498674
mean_angular_error_deg=4.206580
median_angular_error_deg=0.059304
rmse_angular_error_deg=16.920588
percent_below_11.25_deg=92.156599
percent_below_22.5_deg=94.207438
percent_below_30_deg=95.205284
