valid_count=498465
mean_angular_error_deg=5.614880
median_angular_error_deg=0.070040
rmse_angular_error_deg=19.001352
percent_below_11.25_deg=88.761698
percent_below_22.5_deg=92.287523
percent_below_30_deg=93.819827
