valid_count=475802
mean_angular_error_deg=11.827405
median_angular_error_deg=0.083703
rmse_angular_error_deg=27.670326
percent_below_11.25_deg=76.381142
percent_below_22.5_deg=83.361146
percent_below_30_deg=86.261932
