valid_count=498477
mean_angular_error_deg=6.328739
median_angular_error_deg=0.073661
rmse_angular_error_deg=20.025150
percent_below_11.25_deg=87.192990
percent_below_22.5_deg=91.018041
percent_below_30_deg=92.928460
