valid_count=498708
mean_angular_error_deg=7.152830
median_angular_error_deg=0.068622
rmse_angular_error_deg=21.150273
percent_below_11.25_deg=85.231438
percent_below_22.5_deg=89.815684
percent_below_30_deg=91.936765
