valid_count=497505
mean_angular_error_deg=1.947747
median_angular_error_deg=0.057510
rmse_angular_error_deg=9.605876
percent_below_11.25_deg=95.481452
percent_below_22.5_deg=97.419724
percent_below_30_deg=98.217907
