valid_count=493312
mean_angular_error_deg=2.806571
median_angular_error_deg=0.062564
rmse_angular_error_deg=13.368431
percent_below_11.25_deg=94.734975
percent_below_22.5_deg=96.724588
percent_below_30_deg=97.332722
