valid_count=498626
mean_angular_error_deg=10.573483
median_angular_error_deg=0.088903
rmse_angular_error_deg=22.587745
percent_below_11.25_deg=72.368067
percent_below_22.5_deg=81.098860
percent_below_30_deg=85.609856
