valid_count=498213
mean_angular_error_deg=7.559009
median_angular_error_deg=0.060600
rmse_angular_error_deg=22.899066
percent_below_11.25_deg=85.562801
percent_below_22.5_deg=90.041007
percent_below_30_deg=91.853685
