valid_count=482797
mean_angular_error_deg=5.823306
median_angular_error_deg=0.055438
rmse_angular_error_deg=21.489702
percent_below_11.25_deg=89.992067
percent_below_22.5_deg=92.711637
percent_below_30_deg=93.891221
