valid_count=496427
mean_angular_error_deg=1.917372
median_angular_error_deg=0.055728
rmse_angular_error_deg=9.363230
percent_below_11.25_deg=95.263352
percent_below_22.5_deg=97.657662
percent_below_30_deg=98.402182
