valid_count=498412
mean_angular_error_deg=16.553226
median_angular_error_deg=0.106826
rmse_angular_error_deg=34.539354
percent_below_11.25_deg=69.725849
percent_below_22.5_deg=76.380785
percent_below_30_deg=79.554866
