valid_count=498968
mean_angular_error_deg=3.877531
median_angular_error_deg=0.061193
rmse_angular_error_deg=16.807377
percent_below_11.25_deg=93.455893
percent_below_22.5_deg=95.079043
percent_below_30_deg=95.816365
