valid_count=470762
mean_angular_error_deg=7.688964
median_angular_error_deg=0.079551
rmse_angular_error_deg=22.329913
percent_below_11.25_deg=83.918838
percent_below_22.5_deg=89.120405
percent_below_30_deg=91.872114
