valid_count=496848
mean_angular_error_deg=1.783787
median_angular_error_deg=0.056611
rmse_angular_error_deg=9.481335
percent_below_11.25_deg=95.932760
percent_below_22.5_deg=97.790471
percent_below_30_deg=98.401322
