valid_count=498586
mean_angular_error_deg=7.028387
median_angular_error_deg=0.067500
rmse_angular_error_deg=20.968513
percent_below_11.25_deg=85.383464
percent_below_22.5_deg=89.857918
percent_below_30_deg=92.063355
