valid_count=498834
mean_angular_error_deg=8.533058
median_angular_error_deg=0.092616
rmse_angular_error_deg=23.332297
percent_below_11.25_deg=82.274063
percent_below_22.5_deg=87.834029
percent_below_30_deg=90.575422
