valid_count=481160
mean_angular_error_deg=4.465845
median_angular_error_deg=0.063866
rmse_angular_error_deg=16.773090
percent_below_11.25_deg=91.521739
percent_below_22.5_deg=94.225206
percent_below_30_deg=95.211780
