valid_count=498992
mean_angular_error_deg=6.893021
median_angular_error_deg=0.062643
rmse_angular_error_deg=21.625114
percent_below_11.25_deg=86.777944
percent_below_22.5_deg=91.017090
percent_below_30_deg=92.581845
