valid_count=499078
mean_angular_error_deg=2.458081
median_angular_error_deg=0.053832
rmse_angular_error_deg=10.824792
percent_below_11.25_deg=94.176061
percent_below_22.5_deg=96.765636
percent_below_30_deg=97.650868
