valid_count=486964
mean_angular_error_deg=9.560785
median_angular_error_deg=0.074866
rmse_angular_error_deg=27.328809
percent_below_11.25_deg=84.180966
percent_below_22.5_deg=88.099736
percent_below_30_deg=89.570687
