valid_count=498987
mean_angular_error_deg=1.809043
median_angular_error_deg=0.070887
rmse_angular_error_deg=9.871786
percent_below_11.25_deg=96.340386
percent_below_22.5_deg=97.554044
percent_below_30_deg=98.193139
