valid_count=498814
mean_angular_error_deg=4.416352
median_angular_error_deg=0.085277
rmse_angular_error_deg=17.137160
percent_below_11.25_deg=91.785515
percent_below_22.5_deg=94.093390
percent_below_30_deg=95.002346
