valid_count=484677
mean_angular_error_deg=7.191170
median_angular_error_deg=0.079528
rmse_angular_error_deg=20.436209
percent_below_11.25_deg=84.381351
percent_below_22.5_deg=89.752557
percent_below_30_deg=92.009937
