valid_count=498665
mean_angular_error_deg=7.663880
median_angular_error_deg=0.071543
rmse_angular_error_deg=21.725415
percent_below_11.25_deg=83.476683
percent_below_22.5_deg=89.116942
percent_below_30_deg=91.567686
