valid_count=484165
mean_angular_error_deg=4.674957
median_angular_error_deg=0.071033
rmse_angular_error_deg=16.995174
percent_below_11.25_deg=90.783720
percent_below_22.5_deg=94.122252
percent_below_30_deg=95.245423
