valid_count=496933
mean_angular_error_deg=2.284084
median_angular_error_deg=0.064094
rmse_angular_error_deg=10.390080
percent_below_11.25_deg=94.767101
percent_below_22.5_deg=97.090352
percent_below_30_deg=97.782397
