valid_count=467142
mean_angular_error_deg=6.197298
median_angular_error_deg=0.068755
rmse_angular_error_deg=19.328536
percent_below_11.25_deg=87.220160
percent_below_22.5_deg=91.459770
percent_below_30_deg=93.159254
