valid_count=499093
mean_angular_error_deg=1.918298
median_angular_error_deg=0.059394
rmse_angular_error_deg=10.808636
percent_below_11.25_deg=96.482419
percent_below_22.5_deg=97.896184
percent_below_30_deg=98.261847
