valid_count=498813
mean_angular_error_deg=8.036145
median_angular_error_deg=0.092253
rmse_angular_error_deg=22.757017
percent_below_11.25_deg=83.362102
percent_below_22.5_deg=88.541598
percent_below_30_deg=91.145179
