valid_count=498334
mean_angular_error_deg=7.963566
median_angular_error_deg=0.071734
rmse_angular_error_deg=25.155660
percent_below_11.25_deg=86.784968
percent_below_22.5_deg=89.925231
percent_below_30_deg=91.426032
