valid_count=498354
mean_angular_error_deg=16.797411
median_angular_error_deg=0.100745
rmse_angular_error_deg=37.210366
percent_below_11.25_deg=72.186036
percent_below_22.5_deg=77.545078
percent_below_30_deg=80.543349
