valid_count=498600
mean_angular_error_deg=7.976784
median_angular_error_deg=0.068114
rmse_angular_error_deg=23.974045
percent_below_11.25_deg=85.656639
percent_below_22.5_deg=89.687926
percent_below_30_deg=91.496590
