valid_count=486888
mean_angular_error_deg=5.896839
median_angular_error_deg=0.069353
rmse_angular_error_deg=20.410876
percent_below_11.25_deg=89.415019
percent_below_22.5_deg=92.420639
percent_below_30_deg=93.581892
