valid_count=498901
mean_angular_error_deg=4.040367
median_angular_error_deg=0.086266
rmse_angular_error_deg=16.566302
percent_below_11.25_deg=92.564657
percent_below_22.5_deg=94.658459
percent_below_30_deg=95.550219
