valid_count=499039
mean_angular_error_deg=7.057305
median_angular_error_deg=0.060670
rmse_angular_error_deg=21.622206
percent_below_11.25_deg=86.404469
percent_below_22.5_deg=90.410168
percent_below_30_deg=92.142097
