valid_count=467706
mean_angular_error_deg=10.453035
median_angular_error_deg=0.078693
rmse_angular_error_deg=25.456406
percent_below_11.25_deg=79.017802
percent_below_22.5_deg=85.594583
percent_below_30_deg=88.110480
