valid_count=498604
mean_angular_error_deg=4.874541
median_angular_error_deg=0.076287
rmse_angular_error_deg=17.839161
percent_below_11.25_deg=90.503085
percent_below_22.5_deg=93.226488
percent_below_30_deg=94.529326
