valid_count=484593
mean_angular_error_deg=11.231457
median_angular_error_deg=0.081072
rmse_angular_error_deg=28.923888
percent_below_11.25_deg=81.030679
percent_below_22.5_deg=85.277749
percent_below_30_deg=87.028702
