valid_count=498844
mean_angular_error_deg=5.757269
median_angular_error_deg=0.064149
rmse_angular_error_deg=18.763803
percent_below_11.25_deg=88.310775
percent_below_22.5_deg=92.158470
percent_below_30_deg=93.731307
