valid_count=498895
mean_angular_error_deg=4.823290
median_angular_error_deg=0.072286
rmse_angular_error_deg=16.477739
percent_below_11.25_deg=89.669971
percent_below_22.5_deg=93.423666
percent_below_30_deg=94.874072
