valid_count=486704
mean_angular_error_deg=6.517989
median_angular_error_deg=0.069155
rmse_angular_error_deg=19.955521
percent_below_11.25_deg=86.580550
percent_below_22.5_deg=90.668045
percent_below_30_deg=92.264908
