valid_count=494612
mean_angular_error_deg=5.046517
median_angular_error_deg=0.074112
rmse_angular_error_deg=17.243312
percent_below_11.25_deg=89.435558
percent_below_22.5_deg=93.070932
percent_below_30_deg=94.564628
