valid_count=484944
mean_angular_error_deg=7.094991
median_angular_error_deg=0.075935
rmse_angular_error_deg=20.154130
percent_below_11.25_deg=84.469959
percent_below_22.5_deg=89.792223
percent_below_30_deg=92.045680
