valid_count=489944
mean_angular_error_deg=8.954242
median_angular_error_deg=0.074464
rmse_angular_error_deg=26.943157
percent_below_11.25_deg=85.565085
percent_below_22.5_deg=88.819130
percent_below_30_deg=90.190920
