valid_count=498287
mean_angular_error_deg=7.562522
median_angular_error_deg=0.064221
rmse_angular_error_deg=22.497435
percent_below_11.25_deg=85.266523
percent_below_22.5_deg=89.635692
percent_below_30_deg=91.480613
