valid_count=498663
mean_angular_error_deg=5.990510
median_angular_error_deg=0.085382
rmse_angular_error_deg=19.852677
percent_below_11.25_deg=88.731869
percent_below_22.5_deg=92.041118
percent_below_30_deg=93.255766
