valid_count=487224
mean_angular_error_deg=6.503604
median_angular_error_deg=0.074328
rmse_angular_error_deg=20.280137
percent_below_11.25_deg=87.574093
percent_below_22.5_deg=91.162381
percent_below_30_deg=92.586572
