valid_count=488411
mean_angular_error_deg=6.951988
median_angular_error_deg=0.088130
rmse_angular_error_deg=19.952715
percent_below_11.25_deg=85.169253
percent_below_22.5_deg=90.369382
percent_below_30_deg=92.491570
