valid_count=498802
mean_angular_error_deg=5.154229
median_angular_error_deg=0.068118
rmse_angular_error_deg=17.470213
percent_below_11.25_deg=89.543747
percent_below_22.5_deg=93.289121
percent_below_30_deg=94.786909
