valid_count=499049
mean_angular_error_deg=1.876971
median_angular_error_deg=0.069993
rmse_angular_error_deg=9.123688
percent_below_11.25_deg=95.595623
percent_below_22.5_deg=97.421095
percent_below_30_deg=98.157496
