valid_count=498435
mean_angular_error_deg=12.766057
median_angular_error_deg=0.070930
rmse_angular_error_deg=32.561678
percent_below_11.25_deg=80.752957
percent_below_22.5_deg=84.099632
percent_below_30_deg=85.745584
