valid_count=495483
mean_angular_error_deg=3.210813
median_angular_error_deg=0.078230
rmse_angular_error_deg=13.656198
percent_below_11.25_deg=93.018933
percent_below_22.5_deg=96.072115
percent_below_30_deg=96.875372
