valid_count=487464
mean_angular_error_deg=4.793877
median_angular_error_deg=0.060728
rmse_angular_error_deg=17.030958
percent_below_11.25_deg=90.547199
percent_below_22.5_deg=93.472954
percent_below_30_deg=94.638784
