valid_count=498542
mean_angular_error_deg=5.294255
median_angular_error_deg=0.080603
rmse_angular_error_deg=18.794663
percent_below_11.25_deg=90.001845
percent_below_22.5_deg=92.798400
percent_below_30_deg=94.095583
