valid_count=489587
mean_angular_error_deg=5.846454
median_angular_error_deg=0.085817
rmse_angular_error_deg=18.780846
percent_below_11.25_deg=87.799717
percent_below_22.5_deg=92.142152
percent_below_30_deg=93.852982
