valid_count=490277
mean_angular_error_deg=6.568306
median_angular_error_deg=0.081630
rmse_angular_error_deg=18.765956
percent_below_11.25_deg=84.709868
percent_below_22.5_deg=89.974851
percent_below_30_deg=92.659252
