valid_count=485305
mean_angular_error_deg=8.221385
median_angular_error_deg=0.097669
rmse_angular_error_deg=23.856044
percent_below_11.25_deg=84.867661
percent_below_22.5_deg=89.013301
percent_below_30_deg=90.963209
