valid_count=490476
mean_angular_error_deg=3.985169
median_angular_error_deg=0.061264
rmse_angular_error_deg=15.835246
percent_below_11.25_deg=92.071579
percent_below_22.5_deg=94.960406
percent_below_30_deg=96.019581
