valid_count=493921
mean_angular_error_deg=3.248246
median_angular_error_deg=0.079128
rmse_angular_error_deg=12.550148
percent_below_11.25_deg=92.336831
percent_below_22.5_deg=95.819372
percent_below_30_deg=96.906793
