valid_count=498712
mean_angular_error_deg=6.802972
median_angular_error_deg=0.072840
rmse_angular_error_deg=20.314986
percent_below_11.25_deg=85.596497
percent_below_22.5_deg=90.243668
percent_below_30_deg=92.314803
