valid_count=498265
mean_angular_error_deg=6.316979
median_angular_error_deg=0.062316
rmse_angular_error_deg=20.309211
percent_below_11.25_deg=87.360340
percent_below_22.5_deg=91.328911
percent_below_30_deg=92.945722
