valid_count=491085
mean_angular_error_deg=7.214056
median_angular_error_deg=0.081575
rmse_angular_error_deg=19.490775
percent_below_11.25_deg=82.941039
percent_below_22.5_deg=89.138133
percent_below_30_deg=91.891831
