valid_count=498630
mean_angular_error_deg=7.407314
median_angular_error_deg=0.079940
rmse_angular_error_deg=21.588198
percent_below_11.25_deg=84.786114
percent_below_22.5_deg=89.343802
percent_below_30_deg=91.665363
