valid_count=486164
mean_angular_error_deg=9.638592
median_angular_error_deg=0.074702
rmse_angular_error_deg=27.301858
percent_below_11.25_deg=84.150822
percent_below_22.5_deg=87.830650
percent_below_30_deg=89.298056
