valid_count=498164
mean_angular_error_deg=7.691111
median_angular_error_deg=0.060208
rmse_angular_error_deg=22.466399
percent_below_11.25_deg=84.716880
percent_below_22.5_deg=89.559864
percent_below_30_deg=91.390988
