valid_count=497821
mean_angular_error_deg=1.832636
median_angular_error_deg=0.053608
rmse_angular_error_deg=9.109734
percent_below_11.25_deg=95.506216
percent_below_22.5_deg=97.670448
percent_below_30_deg=98.540439
