valid_count=498769
mean_angular_error_deg=9.431760
median_angular_error_deg=0.069521
rmse_angular_error_deg=25.310290
percent_below_11.25_deg=80.997015
percent_below_22.5_deg=87.102647
percent_below_30_deg=89.610822
