valid_count=498712
mean_angular_error_deg=11.200414
median_angular_error_deg=0.068358
rmse_angular_error_deg=28.186873
percent_below_11.25_deg=78.099183
percent_below_22.5_deg=84.771572
percent_below_30_deg=87.632541
