valid_count=482445
mean_angular_error_deg=4.026209
median_angular_error_deg=0.070869
rmse_angular_error_deg=16.388819
percent_below_11.25_deg=92.382551
percent_below_22.5_deg=94.539067
percent_below_30_deg=95.466012
