valid_count=472895
mean_angular_error_deg=8.791510
median_angular_error_deg=0.093210
rmse_angular_error_deg=22.440095
percent_below_11.25_deg=81.343216
percent_below_22.5_deg=88.089322
percent_below_30_deg=90.284736
