valid_count=499085
mean_angular_error_deg=1.915122
median_angular_error_deg=0.070968
rmse_angular_error_deg=9.318238
percent_below_11.25_deg=95.587325
percent_below_22.5_deg=97.350151
percent_below_30_deg=98.108939
