valid_count=498612
mean_angular_error_deg=4.420509
median_angular_error_deg=0.063715
rmse_angular_error_deg=17.375192
percent_below_11.25_deg=91.740271
percent_below_22.5_deg=94.001749
percent_below_30_deg=94.978460
