valid_count=498328
mean_angular_error_deg=11.840173
median_angular_error_deg=0.074111
rmse_angular_error_deg=31.280391
percent_below_11.25_deg=82.286566
percent_below_22.5_deg=85.332151
percent_below_30_deg=86.658787
