valid_count=498475
mean_angular_error_deg=6.193021
median_angular_error_deg=0.066209
rmse_angular_error_deg=19.654256
percent_below_11.25_deg=87.174081
percent_below_22.5_deg=91.320929
percent_below_30_deg=93.147099
