valid_count=499104
mean_angular_error_deg=7.452226
median_angular_error_deg=0.068494
rmse_angular_error_deg=23.027254
percent_below_11.25_deg=86.242947
percent_below_22.5_deg=90.209255
percent_below_30_deg=91.693515
