valid_count=485708
mean_angular_error_deg=9.693577
median_angular_error_deg=0.074851
rmse_angular_error_deg=27.378230
percent_below_11.25_deg=84.129765
percent_below_22.5_deg=87.756842
percent_below_30_deg=89.213272
