valid_count=484841
mean_angular_error_deg=5.691571
median_angular_error_deg=0.067513
rmse_angular_error_deg=18.848409
percent_below_11.25_deg=89.228427
percent_below_22.5_deg=92.431127
percent_below_30_deg=93.493537
