valid_count=497601
mean_angular_error_deg=11.105986
median_angular_error_deg=0.069951
rmse_angular_error_deg=29.656766
percent_below_11.25_deg=80.475923
percent_below_22.5_deg=85.150150
percent_below_30_deg=87.513289
