valid_count=491429
mean_angular_error_deg=3.688438
median_angular_error_deg=0.059281
rmse_angular_error_deg=15.430650
percent_below_11.25_deg=92.820733
percent_below_22.5_deg=95.361487
percent_below_30_deg=96.278201
