valid_count=498513
mean_angular_error_deg=3.421313
median_angular_error_deg=0.057942
rmse_angular_error_deg=15.099854
percent_below_11.25_deg=93.587128
percent_below_22.5_deg=95.493799
percent_below_30_deg=96.305011
