valid_count=465178
mean_angular_error_deg=3.651431
median_angular_error_deg=0.084538
rmse_angular_error_deg=13.942163
percent_below_11.25_deg=91.568604
percent_below_22.5_deg=95.241821
percent_below_30_deg=96.434913
