valid_count=466092
mean_angular_error_deg=9.461383
median_angular_error_deg=0.078574
rmse_angular_error_deg=27.136473
percent_below_11.25_deg=82.790307
percent_below_22.5_deg=88.050428
percent_below_30_deg=90.350617
