valid_count=497184
mean_angular_error_deg=2.090469
median_angular_error_deg=0.061638
rmse_angular_error_deg=10.675541
percent_below_11.25_deg=95.466266
percent_below_22.5_deg=97.353294
percent_below_30_deg=97.995913
