valid_count=498795
mean_angular_error_deg=4.712598
median_angular_error_deg=0.074331
rmse_angular_error_deg=16.574997
percent_below_11.25_deg=90.171714
percent_below_22.5_deg=94.378452
percent_below_30_deg=95.692619
