valid_count=480408
mean_angular_error_deg=6.822613
median_angular_error_deg=0.071587
rmse_angular_error_deg=19.381955
percent_below_11.25_deg=84.512331
percent_below_22.5_deg=89.775982
percent_below_30_deg=92.063829
