valid_count=497988
mean_angular_error_deg=6.740095
median_angular_error_deg=0.064797
rmse_angular_error_deg=21.870675
percent_below_11.25_deg=87.596287
percent_below_22.5_deg=90.557202
percent_below_30_deg=91.946191
