valid_count=498970
mean_angular_error_deg=2.360397
median_angular_error_deg=0.056478
rmse_angular_error_deg=11.651602
percent_below_11.25_deg=94.934565
percent_below_22.5_deg=97.082189
percent_below_30_deg=97.873219
