valid_count=484569
mean_angular_error_deg=10.346411
median_angular_error_deg=0.076394
rmse_angular_error_deg=27.981536
percent_below_11.25_deg=82.717219
percent_below_22.5_deg=86.659485
percent_below_30_deg=88.318072
