valid_count=498969
mean_angular_error_deg=3.600661
median_angular_error_deg=0.060146
rmse_angular_error_deg=16.290258
percent_below_11.25_deg=94.029088
percent_below_22.5_deg=95.509140
percent_below_30_deg=96.146454
