valid_count=498870
mean_angular_error_deg=4.770985
median_angular_error_deg=0.061677
rmse_angular_error_deg=17.200634
percent_below_11.25_deg=90.362419
percent_below_22.5_deg=93.666286
percent_below_30_deg=95.082687
