valid_count=464664
mean_angular_error_deg=9.851920
median_angular_error_deg=0.076345
rmse_angular_error_deg=24.876405
percent_below_11.25_deg=80.421337
percent_below_22.5_deg=86.828547
percent_below_30_deg=89.402880
