valid_count=497817
mean_angular_error_deg=6.034197
median_angular_error_deg=0.073266
rmse_angular_error_deg=21.677635
percent_below_11.25_deg=90.164257
percent_below_22.5_deg=92.489208
percent_below_30_deg=93.503436
