valid_count=498750
mean_angular_error_deg=1.963729
median_angular_error_deg=0.062313
rmse_angular_error_deg=9.876102
percent_below_11.25_deg=95.545865
percent_below_22.5_deg=97.628070
percent_below_30_deg=98.403409
