valid_count=498948
mean_angular_error_deg=5.062055
median_angular_error_deg=0.071509
rmse_angular_error_deg=17.425119
percent_below_11.25_deg=89.785509
percent_below_22.5_deg=93.275452
percent_below_30_deg=94.629300
