valid_count=487008
mean_angular_error_deg=6.343149
median_angular_error_deg=0.090014
rmse_angular_error_deg=18.459589
percent_below_11.25_deg=85.404757
percent_below_22.5_deg=90.485372
percent_below_30_deg=93.070545
