valid_count=499088
mean_angular_error_deg=7.648075
median_angular_error_deg=0.066815
rmse_angular_error_deg=23.487930
percent_below_11.25_deg=86.217060
percent_below_22.5_deg=89.957282
percent_below_30_deg=91.436580
