valid_count=474604
mean_angular_error_deg=11.330572
median_angular_error_deg=0.080979
rmse_angular_error_deg=27.158267
percent_below_11.25_deg=77.582153
percent_below_22.5_deg=84.378345
percent_below_30_deg=87.172885
