valid_count=433575
mean_angular_error_deg=8.120621
median_angular_error_deg=0.080413
rmse_angular_error_deg=23.977070
percent_below_11.25_deg=84.538085
percent_below_22.5_deg=88.794326
percent_below_30_deg=90.898230
