valid_count=487094
mean_angular_error_deg=6.938495
median_angular_error_deg=0.094880
rmse_angular_error_deg=19.531137
percent_below_11.25_deg=84.496832
percent_below_22.5_deg=89.539596
percent_below_30_deg=92.172969
