valid_count=498829
mean_angular_error_deg=5.933709
median_angular_error_deg=0.065469
rmse_angular_error_deg=19.033537
percent_below_11.25_deg=87.761938
percent_below_22.5_deg=91.673098
percent_below_30_deg=93.405556
