valid_count=498343
mean_angular_error_deg=6.134990
median_angular_error_deg=0.077442
rmse_angular_error_deg=21.387236
percent_below_11.25_deg=89.459268
percent_below_22.5_deg=92.224432
percent_below_30_deg=93.309026
