valid_count=498697
mean_angular_error_deg=7.108750
median_angular_error_deg=0.071491
rmse_angular_error_deg=20.854955
percent_below_11.25_deg=84.961810
percent_below_22.5_deg=89.719008
percent_below_30_deg=91.786596
