valid_count=498659
mean_angular_error_deg=7.224153
median_angular_error_deg=0.066722
rmse_angular_error_deg=22.367706
percent_below_11.25_deg=86.580409
percent_below_22.5_deg=90.833415
percent_below_30_deg=92.552626
