valid_count=498835
mean_angular_error_deg=2.004893
median_angular_error_deg=0.063674
rmse_angular_error_deg=9.838076
percent_below_11.25_deg=95.401485
percent_below_22.5_deg=97.492357
percent_below_30_deg=98.347951
