valid_count=498727
mean_angular_error_deg=8.195626
median_angular_error_deg=0.088869
rmse_angular_error_deg=19.947701
percent_below_11.25_deg=79.017579
percent_below_22.5_deg=86.171793
percent_below_30_deg=89.590497
