valid_count=496927
mean_angular_error_deg=1.735920
median_angular_error_deg=0.055850
rmse_angular_error_deg=9.240368
percent_below_11.25_deg=96.101037
percent_below_22.5_deg=97.792634
percent_below_30_deg=98.502999
