valid_count=498288
mean_angular_error_deg=7.955967
median_angular_error_deg=0.066667
rmse_angular_error_deg=23.087806
percent_below_11.25_deg=84.475444
percent_below_22.5_deg=88.739645
percent_below_30_deg=90.850472
