valid_count=498153
mean_angular_error_deg=2.318966
median_angular_error_deg=0.064870
rmse_angular_error_deg=12.012697
percent_below_11.25_deg=95.631463
percent_below_22.5_deg=97.183797
percent_below_30_deg=97.818943
