valid_count=433799
mean_angular_error_deg=12.658867
median_angular_error_deg=0.099307
rmse_angular_error_deg=29.983029
percent_below_11.25_deg=75.025530
percent_below_22.5_deg=82.461002
percent_below_30_deg=85.998124
