valid_count=489632
mean_angular_error_deg=6.837952
median_angular_error_deg=0.061210
rmse_angular_error_deg=23.208170
percent_below_11.25_deg=88.917595
percent_below_22.5_deg=91.428665
percent_below_30_deg=92.485785
