valid_count=496516
mean_angular_error_deg=2.808495
median_angular_error_deg=0.068492
rmse_angular_error_deg=11.881121
percent_below_11.25_deg=93.476142
percent_below_22.5_deg=96.283503
percent_below_30_deg=97.308042
