valid_count=496106
mean_angular_error_deg=1.971672
median_angular_error_deg=0.056757
rmse_angular_error_deg=9.587070
percent_below_11.25_deg=95.197196
percent_below_22.5_deg=97.607971
percent_below_30_deg=98.351159
