valid_count=498299
mean_angular_error_deg=7.754831
median_angular_error_deg=0.065232
rmse_angular_error_deg=22.629327
percent_below_11.25_deg=84.603019
percent_below_22.5_deg=89.324281
percent_below_30_deg=91.307428
