valid_count=498898
mean_angular_error_deg=4.688743
median_angular_error_deg=0.074141
rmse_angular_error_deg=16.564195
percent_below_11.25_deg=90.235880
percent_below_22.5_deg=94.390036
percent_below_30_deg=95.714154
