valid_count=499118
mean_angular_error_deg=1.857491
median_angular_error_deg=0.062072
rmse_angular_error_deg=10.093667
percent_below_11.25_deg=96.362984
percent_below_22.5_deg=97.992258
percent_below_30_deg=98.342476
