valid_count=487788
mean_angular_error_deg=5.635068
median_angular_error_deg=0.077860
rmse_angular_error_deg=19.794779
percent_below_11.25_deg=89.795772
percent_below_22.5_deg=92.493460
percent_below_30_deg=93.737853
