valid_count=499078
mean_angular_error_deg=1.962516
median_angular_error_deg=0.071243
rmse_angular_error_deg=9.658314
percent_below_11.25_deg=95.585259
percent_below_22.5_deg=97.273572
percent_below_30_deg=98.046999
