valid_count=498661
mean_angular_error_deg=6.005873
median_angular_error_deg=0.068481
rmse_angular_error_deg=19.218505
percent_below_11.25_deg=87.811559
percent_below_22.5_deg=91.699772
percent_below_30_deg=93.333347
