valid_count=484968
mean_angular_error_deg=11.413726
median_angular_error_deg=0.082080
rmse_angular_error_deg=29.055001
percent_below_11.25_deg=80.579750
percent_below_22.5_deg=84.960657
percent_below_30_deg=86.811501
