valid_count=497653
mean_angular_error_deg=3.457990
median_angular_error_deg=0.064355
rmse_angular_error_deg=14.829648
percent_below_11.25_deg=93.314418
percent_below_22.5_deg=95.843891
percent_below_30_deg=96.624958
