valid_count=497948
mean_angular_error_deg=3.216025
median_angular_error_deg=0.071285
rmse_angular_error_deg=13.656207
percent_below_11.25_deg=93.529445
percent_below_22.5_deg=95.668624
percent_below_30_deg=96.465896
