valid_count=479015
mean_angular_error_deg=7.302109
median_angular_error_deg=0.075057
rmse_angular_error_deg=22.607941
percent_below_11.25_deg=86.949052
percent_below_22.5_deg=90.594867
percent_below_30_deg=92.181664
