valid_count=488735
mean_angular_error_deg=5.614659
median_angular_error_deg=0.086416
rmse_angular_error_deg=18.363345
percent_below_11.25_deg=88.304910
percent_below_22.5_deg=92.477928
percent_below_30_deg=94.165754
