valid_count=485762
mean_angular_error_deg=6.102094
median_angular_error_deg=0.070081
rmse_angular_error_deg=19.617881
percent_below_11.25_deg=88.555095
percent_below_22.5_deg=91.757486
percent_below_30_deg=92.971249
