valid_count=492370
mean_angular_error_deg=5.045046
median_angular_error_deg=0.075490
rmse_angular_error_deg=17.327035
percent_below_11.25_deg=89.676463
percent_below_22.5_deg=93.207141
percent_below_30_deg=94.631476
