valid_count=496784
mean_angular_error_deg=2.340326
median_angular_error_deg=0.064753
rmse_angular_error_deg=10.506376
percent_below_11.25_deg=94.627444
percent_below_22.5_deg=97.004332
percent_below_30_deg=97.747109
