valid_count=486010
mean_angular_error_deg=7.516977
median_angular_error_deg=0.092634
rmse_angular_error_deg=22.464767
percent_below_11.25_deg=85.741651
percent_below_22.5_deg=90.063167
percent_below_30_deg=91.978766
