valid_count=498851
mean_angular_error_deg=3.841794
median_angular_error_deg=0.095175
rmse_angular_error_deg=15.885818
percent_below_11.25_deg=92.671760
percent_below_22.5_deg=95.122592
percent_below_30_deg=96.009430
