valid_count=498699
mean_angular_error_deg=6.916181
median_angular_error_deg=0.066861
rmse_angular_error_deg=21.368923
percent_below_11.25_deg=86.600134
percent_below_22.5_deg=90.815101
percent_below_30_deg=92.783824
