valid_count=259003
mean_angular_error_deg=0.000069
median_angular_error_deg=0.000037
rmse_angular_error_deg=0.000108
percent_below_11.25_deg=100.000000
percent_below_22.5_deg=100.000000
percent_below_30_deg=100.000000
