valid_count=498442
mean_angular_error_deg=7.705075
median_angular_error_deg=0.074605
rmse_angular_error_deg=24.363691
percent_below_11.25_deg=86.906200
percent_below_22.5_deg=90.099149
percent_below_30_deg=91.562709
