valid_count=497286
mean_angular_error_deg=7.777568
median_angular_error_deg=0.101974
rmse_angular_error_deg=22.780549
percent_below_11.25_deg=85.606874
percent_below_22.5_deg=89.700092
percent_below_30_deg=91.304199
