valid_count=490980
mean_angular_error_deg=7.174484
median_angular_error_deg=0.081374
rmse_angular_error_deg=19.565118
percent_below_11.25_deg=83.535989
percent_below_22.5_deg=89.536845
percent_below_30_deg=91.819626
