valid_count=498142
mean_angular_error_deg=7.658542
median_angular_error_deg=0.062596
rmse_angular_error_deg=22.606159
percent_below_11.25_deg=84.861345
percent_below_22.5_deg=89.466457
percent_below_30_deg=91.397232
