valid_count=499111
mean_angular_error_deg=1.932305
median_angular_error_deg=0.060058
rmse_angular_error_deg=10.632939
percent_below_11.25_deg=96.356522
percent_below_22.5_deg=97.839959
percent_below_30_deg=98.195191
