valid_count=497939
mean_angular_error_deg=4.493899
median_angular_error_deg=0.080094
rmse_angular_error_deg=18.519865
percent_below_11.25_deg=92.261301
percent_below_22.5_deg=94.456952
percent_below_30_deg=95.268698
