valid_count=499025
mean_angular_error_deg=5.499545
median_angular_error_deg=0.063796
rmse_angular_error_deg=18.460477
percent_below_11.25_deg=88.915385
percent_below_22.5_deg=92.381344
percent_below_30_deg=93.846000
