valid_count=498635
mean_angular_error_deg=7.607557
median_angular_error_deg=0.066424
rmse_angular_error_deg=23.347793
percent_below_11.25_deg=86.082004
percent_below_22.5_deg=90.379737
percent_below_30_deg=92.066943
