valid_count=498759
mean_angular_error_deg=4.633941
median_angular_error_deg=0.083586
rmse_angular_error_deg=17.668783
percent_below_11.25_deg=91.540002
percent_below_22.5_deg=93.712595
percent_below_30_deg=94.706862
