valid_count=498934
mean_angular_error_deg=4.199541
median_angular_error_deg=0.057711
rmse_angular_error_deg=17.721126
percent_below_11.25_deg=93.111313
percent_below_22.5_deg=94.829978
percent_below_30_deg=95.586390
