valid_count=497704
mean_angular_error_deg=3.221937
median_angular_error_deg=0.065542
rmse_angular_error_deg=14.149608
percent_below_11.25_deg=93.631757
percent_below_22.5_deg=96.146706
percent_below_30_deg=96.952606
