valid_count=498840
mean_angular_error_deg=4.971785
median_angular_error_deg=0.075260
rmse_angular_error_deg=16.951695
percent_below_11.25_deg=89.571205
percent_below_22.5_deg=93.958985
percent_below_30_deg=95.325555
