valid_count=498739
mean_angular_error_deg=5.104643
median_angular_error_deg=0.068990
rmse_angular_error_deg=18.327611
percent_below_11.25_deg=90.291515
percent_below_22.5_deg=93.152130
percent_below_30_deg=94.322281
