valid_count=498730
mean_angular_error_deg=12.621207
median_angular_error_deg=0.071111
rmse_angular_error_deg=30.155687
percent_below_11.25_deg=76.015078
percent_below_22.5_deg=82.376637
percent_below_30_deg=85.596816
