valid_count=414461
mean_angular_error_deg=15.659355
median_angular_error_deg=0.265595
rmse_angular_error_deg=33.645828
percent_below_11.25_deg=68.434183
percent_below_22.5_deg=78.863633
percent_below_30_deg=83.357180
