valid_count=498181
mean_angular_error_deg=7.287221
median_angular_error_deg=0.060374
rmse_angular_error_deg=22.481243
percent_below_11.25_deg=86.138572
percent_below_22.5_deg=90.429583
percent_below_30_deg=92.103071
