valid_count=498243
mean_angular_error_deg=16.017556
median_angular_error_deg=0.105055
rmse_angular_error_deg=34.374732
percent_below_11.25_deg=70.785540
percent_below_22.5_deg=77.340575
percent_below_30_deg=80.957284
