valid_count=498570
mean_angular_error_deg=5.739560
median_angular_error_deg=0.078512
rmse_angular_error_deg=19.895877
percent_below_11.25_deg=89.477706
percent_below_22.5_deg=92.448202
percent_below_30_deg=93.581242
