valid_count=499049
mean_angular_error_deg=2.502419
median_angular_error_deg=0.060760
rmse_angular_error_deg=11.635684
percent_below_11.25_deg=94.374500
percent_below_22.5_deg=96.943987
percent_below_30_deg=97.889786
