valid_count=498667
mean_angular_error_deg=5.739032
median_angular_error_deg=0.080064
rmse_angular_error_deg=19.691998
percent_below_11.25_deg=89.351210
percent_below_22.5_deg=92.268588
percent_below_30_deg=93.483226
