valid_count=482138
mean_angular_error_deg=4.341262
median_angular_error_deg=0.072328
rmse_angular_error_deg=17.450731
percent_below_11.25_deg=92.058290
percent_below_22.5_deg=94.272594
percent_below_30_deg=95.194529
