valid_count=499132
mean_angular_error_deg=4.734213
median_angular_error_deg=0.073621
rmse_angular_error_deg=17.243589
percent_below_11.25_deg=90.406946
percent_below_22.5_deg=93.942083
percent_below_30_deg=94.956645
