valid_count=484490
mean_angular_error_deg=10.627626
median_angular_error_deg=0.077545
rmse_angular_error_deg=28.341168
percent_below_11.25_deg=82.192409
percent_below_22.5_deg=86.278974
percent_below_30_deg=87.878388
