valid_count=498405
mean_angular_error_deg=12.493687
median_angular_error_deg=0.075583
rmse_angular_error_deg=32.068831
percent_below_11.25_deg=81.331849
percent_below_22.5_deg=84.355494
percent_below_30_deg=85.794685
