valid_count=472348
mean_angular_error_deg=4.561654
median_angular_error_deg=0.063902
rmse_angular_error_deg=17.211783
percent_below_11.25_deg=91.068661
percent_below_22.5_deg=93.867869
percent_below_30_deg=94.860781
