valid_count=476994
mean_angular_error_deg=6.922879
median_angular_error_deg=0.080211
rmse_angular_error_deg=23.087533
percent_below_11.25_deg=88.353942
percent_below_22.5_deg=90.998629
percent_below_30_deg=92.193193
