valid_count=481642
mean_angular_error_deg=7.796407
median_angular_error_deg=0.054894
rmse_angular_error_deg=24.186261
percent_below_11.25_deg=86.345045
percent_below_22.5_deg=89.645006
percent_below_30_deg=91.346062
