valid_count=487035
mean_angular_error_deg=4.452105
median_angular_error_deg=0.060258
rmse_angular_error_deg=17.103662
percent_below_11.25_deg=91.718254
percent_below_22.5_deg=93.990986
percent_below_30_deg=95.038139
