valid_count=499157
mean_angular_error_deg=3.864937
median_angular_error_deg=0.074286
rmse_angular_error_deg=15.305889
percent_below_11.25_deg=92.415813
percent_below_22.5_deg=94.864542
percent_below_30_deg=95.795712
