valid_count=498371
mean_angular_error_deg=14.740239
median_angular_error_deg=0.098853
rmse_angular_error_deg=33.634707
percent_below_11.25_deg=73.708141
percent_below_22.5_deg=79.580874
percent_below_30_deg=82.782305
