valid_count=498684
mean_angular_error_deg=11.144684
median_angular_error_deg=0.081803
rmse_angular_error_deg=27.159576
percent_below_11.25_deg=78.078703
percent_below_22.5_deg=83.957175
percent_below_30_deg=86.718844
