valid_count=498523
mean_angular_error_deg=14.141255
median_angular_error_deg=0.073043
rmse_angular_error_deg=34.287302
percent_below_11.25_deg=78.989936
percent_below_22.5_deg=82.411243
percent_below_30_deg=84.051087
