valid_count=498489
mean_angular_error_deg=7.647347
median_angular_error_deg=0.069961
rmse_angular_error_deg=23.301304
percent_below_11.25_deg=85.952950
percent_below_22.5_deg=90.014022
percent_below_30_deg=91.869831
