valid_count=489518
mean_angular_error_deg=6.033754
median_angular_error_deg=0.082323
rmse_angular_error_deg=18.995287
percent_below_11.25_deg=87.302612
percent_below_22.5_deg=91.869553
percent_below_30_deg=93.667036
