valid_count=488731
mean_angular_error_deg=6.632267
median_angular_error_deg=0.074436
rmse_angular_error_deg=22.288977
percent_below_11.25_deg=88.303586
percent_below_22.5_deg=91.591694
percent_below_30_deg=93.032773
