valid_count=499128
mean_angular_error_deg=3.576746
median_angular_error_deg=0.073007
rmse_angular_error_deg=13.144953
percent_below_11.25_deg=91.828349
percent_below_22.5_deg=95.680667
percent_below_30_deg=96.747127
