valid_count=498627
mean_angular_error_deg=7.023823
median_angular_error_deg=0.067597
rmse_angular_error_deg=21.011547
percent_below_11.25_deg=85.563156
percent_below_22.5_deg=89.994525
percent_below_30_deg=92.069623
