valid_count=499037
mean_angular_error_deg=6.446353
median_angular_error_deg=0.061468
rmse_angular_error_deg=20.037779
percent_below_11.25_deg=86.819414
percent_below_22.5_deg=91.043951
percent_below_30_deg=92.837204
