valid_count=487003
mean_angular_error_deg=5.469432
median_angular_error_deg=0.065875
rmse_angular_error_deg=19.672315
percent_below_11.25_deg=90.283427
percent_below_22.5_deg=92.987312
percent_below_30_deg=94.054657
