valid_count=496254
mean_angular_error_deg=3.131217
median_angular_error_deg=0.074131
rmse_angular_error_deg=12.894607
percent_below_11.25_deg=92.938697
percent_below_22.5_deg=95.947640
percent_below_30_deg=96.902796
