valid_count=498562
mean_angular_error_deg=5.973000
median_angular_error_deg=0.065187
rmse_angular_error_deg=19.293310
percent_below_11.25_deg=87.482600
percent_below_22.5_deg=91.508779
percent_below_30_deg=93.422684
