valid_count=461741
mean_angular_error_deg=7.584217
median_angular_error_deg=0.088791
rmse_angular_error_deg=22.728733
percent_below_11.25_deg=86.334547
percent_below_22.5_deg=90.354549
percent_below_30_deg=91.855391
