valid_count=498571
mean_angular_error_deg=2.068463
median_angular_error_deg=0.060990
rmse_angular_error_deg=10.354114
percent_below_11.25_deg=95.515985
percent_below_22.5_deg=97.422834
percent_below_30_deg=98.243380
