valid_count=489206
mean_angular_error_deg=4.546489
median_angular_error_deg=0.066593
rmse_angular_error_deg=16.265447
percent_below_11.25_deg=90.462505
percent_below_22.5_deg=93.795661
percent_below_30_deg=95.058319
