valid_count=498698
mean_angular_error_deg=6.227681
median_angular_error_deg=0.069327
rmse_angular_error_deg=19.631372
percent_below_11.25_deg=87.218517
percent_below_22.5_deg=91.181035
percent_below_30_deg=92.956058
