valid_count=481034
mean_angular_error_deg=6.884472
median_angular_error_deg=0.091655
rmse_angular_error_deg=20.437300
percent_below_11.25_deg=85.722631
percent_below_22.5_deg=90.722693
percent_below_30_deg=92.710494
