valid_count=498433
mean_angular_error_deg=14.949819
median_angular_error_deg=0.099011
rmse_angular_error_deg=34.022132
percent_below_11.25_deg=73.424914
percent_below_22.5_deg=79.295913
percent_below_30_deg=82.505974
