valid_count=498632
mean_angular_error_deg=5.540078
median_angular_error_deg=0.072478
rmse_angular_error_deg=18.202647
percent_below_11.25_deg=88.560301
percent_below_22.5_deg=92.188227
percent_below_30_deg=93.781386
