valid_count=495107
mean_angular_error_deg=3.256306
median_angular_error_deg=0.078162
rmse_angular_error_deg=13.960514
percent_below_11.25_deg=93.009390
percent_below_22.5_deg=95.944513
percent_below_30_deg=96.803721
