valid_count=491351
mean_angular_error_deg=3.665485
median_angular_error_deg=0.058694
rmse_angular_error_deg=15.422816
percent_below_11.25_deg=92.918911
percent_below_22.5_deg=95.397995
percent_below_30_deg=96.293281
