valid_count=489481
mean_angular_error_deg=4.971406
median_angular_error_deg=0.063394
rmse_angular_error_deg=17.467175
percent_below_11.25_deg=90.254371
percent_below_22.5_deg=93.261230
percent_below_30_deg=94.360762
