valid_count=499001
mean_angular_error_deg=5.097341
median_angular_error_deg=0.074641
rmse_angular_error_deg=17.211987
percent_below_11.25_deg=89.461143
percent_below_22.5_deg=93.784782
percent_below_30_deg=95.088787
