valid_count=498925
mean_angular_error_deg=2.118348
median_angular_error_deg=0.065123
rmse_angular_error_deg=10.087178
percent_below_11.25_deg=95.189658
percent_below_22.5_deg=97.182342
percent_below_30_deg=98.117152
