valid_count=498608
mean_angular_error_deg=8.293980
median_angular_error_deg=0.067168
rmse_angular_error_deg=25.219552
percent_below_11.25_deg=85.938052
percent_below_22.5_deg=88.913535
percent_below_30_deg=90.433968
