valid_count=499026
mean_angular_error_deg=7.269610
median_angular_error_deg=0.061174
rmse_angular_error_deg=22.332449
percent_below_11.25_deg=86.437781
percent_below_22.5_deg=90.499693
percent_below_30_deg=92.063740
