valid_count=484131
mean_angular_error_deg=6.647456
median_angular_error_deg=0.087279
rmse_angular_error_deg=20.157622
percent_below_11.25_deg=86.291727
percent_below_22.5_deg=91.005534
percent_below_30_deg=92.985989
