valid_count=496437
mean_angular_error_deg=7.734208
median_angular_error_deg=0.069756
rmse_angular_error_deg=22.860351
percent_below_11.25_deg=85.034959
percent_below_22.5_deg=89.273765
percent_below_30_deg=91.043577
