valid_count=498882
mean_angular_error_deg=4.654020
median_angular_error_deg=0.071215
rmse_angular_error_deg=16.148657
percent_below_11.25_deg=90.002445
percent_below_22.5_deg=93.668643
percent_below_30_deg=95.029085
