valid_count=497897
mean_angular_error_deg=3.105297
median_angular_error_deg=0.069768
rmse_angular_error_deg=13.775382
percent_below_11.25_deg=93.800726
percent_below_22.5_deg=96.208453
percent_below_30_deg=97.026895
