valid_count=499158
mean_angular_error_deg=2.434085
median_angular_error_deg=0.071155
rmse_angular_error_deg=10.958445
percent_below_11.25_deg=94.650391
percent_below_22.5_deg=96.721279
percent_below_30_deg=97.340521
