valid_count=498205
mean_angular_error_deg=7.225037
median_angular_error_deg=0.067305
rmse_angular_error_deg=22.175615
percent_below_11.25_deg=85.948756
percent_below_22.5_deg=89.897331
percent_below_30_deg=91.722684
