valid_count=498527
mean_angular_error_deg=4.504994
median_angular_error_deg=0.069173
rmse_angular_error_deg=17.184012
percent_below_11.25_deg=91.348312
percent_below_22.5_deg=93.727922
percent_below_30_deg=94.877509
