valid_count=418838
mean_angular_error_deg=15.869889
median_angular_error_deg=0.341276
rmse_angular_error_deg=33.552163
percent_below_11.25_deg=67.195670
percent_below_22.5_deg=78.128537
percent_below_30_deg=83.301420
