valid_count=483210
mean_angular_error_deg=7.121892
median_angular_error_deg=0.063115
rmse_angular_error_deg=22.438236
percent_below_11.25_deg=86.793320
percent_below_22.5_deg=90.516339
percent_below_30_deg=92.112125
