valid_count=498316
mean_angular_error_deg=11.311588
median_angular_error_deg=0.072719
rmse_angular_error_deg=30.709475
percent_below_11.25_deg=83.146437
percent_below_22.5_deg=86.177847
percent_below_30_deg=87.403977
