valid_count=499047
mean_angular_error_deg=2.297995
median_angular_error_deg=0.056565
rmse_angular_error_deg=11.545957
percent_below_11.25_deg=95.069603
percent_below_22.5_deg=97.096466
percent_below_30_deg=97.907412
