valid_count=498951
mean_angular_error_deg=5.844138
median_angular_error_deg=0.084344
rmse_angular_error_deg=21.441433
percent_below_11.25_deg=90.145525
percent_below_22.5_deg=92.788871
percent_below_30_deg=93.781955
