valid_count=498304
mean_angular_error_deg=7.528078
median_angular_error_deg=0.066810
rmse_angular_error_deg=22.467929
percent_below_11.25_deg=85.092032
percent_below_22.5_deg=89.310140
percent_below_30_deg=91.477692
