valid_count=494807
mean_angular_error_deg=4.083834
median_angular_error_deg=0.069457
rmse_angular_error_deg=17.627001
percent_below_11.25_deg=92.721809
percent_below_22.5_deg=94.807672
percent_below_30_deg=95.635066
