valid_count=498419
mean_angular_error_deg=15.966767
median_angular_error_deg=0.099944
rmse_angular_error_deg=35.739659
percent_below_11.25_deg=72.547194
percent_below_22.5_deg=78.242001
percent_below_30_deg=81.394369
