valid_count=498935
mean_angular_error_deg=4.975099
median_angular_error_deg=0.072937
rmse_angular_error_deg=17.725072
percent_below_11.25_deg=89.880044
percent_below_22.5_deg=93.703989
percent_below_30_deg=94.951847
