valid_count=498272
mean_angular_error_deg=7.949205
median_angular_error_deg=0.066223
rmse_angular_error_deg=23.046836
percent_below_11.25_deg=84.506053
percent_below_22.5_deg=88.946800
percent_below_30_deg=90.906975
