valid_count=498617
mean_angular_error_deg=6.748472
median_angular_error_deg=0.079812
rmse_angular_error_deg=23.354937
percent_below_11.25_deg=89.003584
percent_below_22.5_deg=91.758003
percent_below_30_deg=92.885521
