valid_count=498873
mean_angular_error_deg=4.421919
median_angular_error_deg=0.069206
rmse_angular_error_deg=15.718835
percent_below_11.25_deg=90.358468
percent_below_22.5_deg=93.932724
percent_below_30_deg=95.327669
