valid_count=475301
mean_angular_error_deg=8.857386
median_angular_error_deg=0.095802
rmse_angular_error_deg=22.665061
percent_below_11.25_deg=81.117229
percent_below_22.5_deg=88.009072
percent_below_30_deg=90.305091
