valid_count=499168
mean_angular_error_deg=1.077487
median_angular_error_deg=0.075123
rmse_angular_error_deg=7.359769
percent_below_11.25_deg=97.841809
percent_below_22.5_deg=98.528552
percent_below_30_deg=98.756331
