valid_count=477016
mean_angular_error_deg=10.685505
median_angular_error_deg=0.085098
rmse_angular_error_deg=26.288632
percent_below_11.25_deg=79.002172
percent_below_22.5_deg=84.585842
percent_below_30_deg=87.311327
