valid_count=441488
mean_angular_error_deg=16.162566
median_angular_error_deg=0.087652
rmse_angular_error_deg=36.249795
percent_below_11.25_deg=74.110961
percent_below_22.5_deg=78.781530
percent_below_30_deg=81.142409
