valid_count=498612
mean_angular_error_deg=9.577546
median_angular_error_deg=0.090757
rmse_angular_error_deg=24.191592
percent_below_11.25_deg=79.059469
percent_below_22.5_deg=86.096805
percent_below_30_deg=89.579072
