valid_count=498405
mean_angular_error_deg=15.904131
median_angular_error_deg=0.085518
rmse_angular_error_deg=36.667032
percent_below_11.25_deg=76.873426
percent_below_22.5_deg=80.315206
percent_below_30_deg=82.084048
