valid_count=499010
mean_angular_error_deg=2.460496
median_angular_error_deg=0.059382
rmse_angular_error_deg=11.117822
percent_below_11.25_deg=94.152221
percent_below_22.5_deg=96.914691
percent_below_30_deg=97.841727
