valid_count=484320
mean_angular_error_deg=7.911892
median_angular_error_deg=0.078054
rmse_angular_error_deg=23.876006
percent_below_11.25_deg=86.109390
percent_below_22.5_deg=89.882516
percent_below_30_deg=91.338371
