valid_count=462875
mean_angular_error_deg=8.066928
median_angular_error_deg=0.092092
rmse_angular_error_deg=23.723330
percent_below_11.25_deg=85.903538
percent_below_22.5_deg=89.821874
percent_below_30_deg=91.238671
