valid_count=498463
mean_angular_error_deg=13.417958
median_angular_error_deg=0.071633
rmse_angular_error_deg=33.343975
percent_below_11.25_deg=79.875939
percent_below_22.5_deg=83.248105
percent_below_30_deg=84.934489
