valid_count=498995
mean_angular_error_deg=6.570847
median_angular_error_deg=0.078091
rmse_angular_error_deg=22.447435
percent_below_11.25_deg=88.775439
percent_below_22.5_deg=91.730979
percent_below_30_deg=92.925180
