valid_count=472375
mean_angular_error_deg=8.690445
median_angular_error_deg=0.095288
rmse_angular_error_deg=22.271891
percent_below_11.25_deg=81.793279
percent_below_22.5_deg=88.268007
percent_below_30_deg=90.339031
