valid_count=496799
mean_angular_error_deg=2.610800
median_angular_error_deg=0.060218
rmse_angular_error_deg=11.841792
percent_below_11.25_deg=94.257839
percent_below_22.5_deg=96.660823
percent_below_30_deg=97.471211
