valid_count=488900
mean_angular_error_deg=7.225496
median_angular_error_deg=0.079756
rmse_angular_error_deg=22.545667
percent_below_11.25_deg=86.502352
percent_below_22.5_deg=90.520761
percent_below_30_deg=92.332583
