valid_count=495119
mean_angular_error_deg=2.243041
median_angular_error_deg=0.061209
rmse_angular_error_deg=10.199845
percent_below_11.25_deg=94.471026
percent_below_22.5_deg=97.267122
percent_below_30_deg=98.200433
