valid_count=487193
mean_angular_error_deg=3.872359
median_angular_error_deg=0.068929
rmse_angular_error_deg=15.743875
percent_below_11.25_deg=92.097793
percent_below_22.5_deg=95.191023
percent_below_30_deg=96.225315
