valid_count=498880
mean_angular_error_deg=5.263008
median_angular_error_deg=0.099288
rmse_angular_error_deg=16.354746
percent_below_11.25_deg=87.140394
percent_below_22.5_deg=92.352269
percent_below_30_deg=94.286201
