valid_count=498787
mean_angular_error_deg=5.713074
median_angular_error_deg=0.080728
rmse_angular_error_deg=16.570076
percent_below_11.25_deg=85.534707
percent_below_22.5_deg=91.000968
percent_below_30_deg=93.333026
