valid_count=498635
mean_angular_error_deg=9.715099
median_angular_error_deg=0.067355
rmse_angular_error_deg=23.552965
percent_below_11.25_deg=77.622710
percent_below_22.5_deg=83.734194
percent_below_30_deg=87.413439
