valid_count=498850
mean_angular_error_deg=6.842100
median_angular_error_deg=0.063077
rmse_angular_error_deg=21.732656
percent_below_11.25_deg=87.223213
percent_below_22.5_deg=91.088103
percent_below_30_deg=92.568307
