valid_count=499130
mean_angular_error_deg=6.580926
median_angular_error_deg=0.070325
rmse_angular_error_deg=21.348969
percent_below_11.25_deg=87.686374
percent_below_22.5_deg=91.216316
percent_below_30_deg=92.604732
