valid_count=498806
mean_angular_error_deg=4.474779
median_angular_error_deg=0.091545
rmse_angular_error_deg=17.068040
percent_below_11.25_deg=91.242888
percent_below_22.5_deg=94.263702
percent_below_30_deg=95.349294
