valid_count=497490
mean_angular_error_deg=3.788543
median_angular_error_deg=0.065359
rmse_angular_error_deg=16.039206
percent_below_11.25_deg=93.104384
percent_below_22.5_deg=95.534785
percent_below_30_deg=96.257010
