valid_count=494957
mean_angular_error_deg=2.361417
median_angular_error_deg=0.063149
rmse_angular_error_deg=10.466789
percent_below_11.25_deg=94.225357
percent_below_22.5_deg=97.063785
percent_below_30_deg=98.019828
