valid_count=497289
mean_angular_error_deg=2.201745
median_angular_error_deg=0.060812
rmse_angular_error_deg=10.334745
percent_below_11.25_deg=95.072282
percent_below_22.5_deg=97.127626
percent_below_30_deg=97.767495
