valid_count=479453
mean_angular_error_deg=9.600886
median_angular_error_deg=0.086067
rmse_angular_error_deg=23.903791
percent_below_11.25_deg=79.976557
percent_below_22.5_deg=87.094668
percent_below_30_deg=89.559978
