valid_count=498911
mean_angular_error_deg=2.227415
median_angular_error_deg=0.067953
rmse_angular_error_deg=10.560753
percent_below_11.25_deg=95.160459
percent_below_22.5_deg=96.995456
percent_below_30_deg=97.791390
