valid_count=498922
mean_angular_error_deg=4.449794
median_angular_error_deg=0.094277
rmse_angular_error_deg=15.758423
percent_below_11.25_deg=90.006253
percent_below_22.5_deg=93.661735
percent_below_30_deg=95.160967
