valid_count=498892
mean_angular_error_deg=5.139129
median_angular_error_deg=0.072328
rmse_angular_error_deg=17.413032
percent_below_11.25_deg=89.517370
percent_below_22.5_deg=93.154029
percent_below_30_deg=94.617071
