valid_count=494812
mean_angular_error_deg=2.498051
median_angular_error_deg=0.065528
rmse_angular_error_deg=10.815262
percent_below_11.25_deg=93.893640
percent_below_22.5_deg=96.888313
percent_below_30_deg=97.783401
