valid_count=482926
mean_angular_error_deg=7.612964
median_angular_error_deg=0.100854
rmse_angular_error_deg=22.557310
percent_below_11.25_deg=85.630718
percent_below_22.5_deg=89.813760
percent_below_30_deg=91.717572
