valid_count=497159
mean_angular_error_deg=2.245061
median_angular_error_deg=0.061718
rmse_angular_error_deg=10.453183
percent_below_11.25_deg=94.994760
percent_below_22.5_deg=97.082221
percent_below_30_deg=97.728292
