valid_count=498695
mean_angular_error_deg=6.681515
median_angular_error_deg=0.069097
rmse_angular_error_deg=20.218684
percent_below_11.25_deg=86.086887
percent_below_22.5_deg=90.410772
percent_below_30_deg=92.547549
