valid_count=499078
mean_angular_error_deg=2.403927
median_angular_error_deg=0.062146
rmse_angular_error_deg=11.631186
percent_below_11.25_deg=94.838883
percent_below_22.5_deg=97.002473
percent_below_30_deg=97.704968
