valid_count=498734
mean_angular_error_deg=8.127029
median_angular_error_deg=0.063157
rmse_angular_error_deg=23.729387
percent_below_11.25_deg=84.558502
percent_below_22.5_deg=88.775179
percent_below_30_deg=90.555687
