valid_count=498812
mean_angular_error_deg=6.209662
median_angular_error_deg=0.065163
rmse_angular_error_deg=19.664819
percent_below_11.25_deg=87.362173
percent_below_22.5_deg=91.315165
percent_below_30_deg=93.095395
