valid_count=498738
mean_angular_error_deg=8.576438
median_angular_error_deg=0.091877
rmse_angular_error_deg=23.328042
percent_below_11.25_deg=82.238370
percent_below_22.5_deg=87.752287
percent_below_30_deg=90.455309
