valid_count=401922
mean_angular_error_deg=13.504742
median_angular_error_deg=0.131586
rmse_angular_error_deg=28.930934
percent_below_11.25_deg=69.417947
percent_below_22.5_deg=79.700788
percent_below_30_deg=84.554963
