valid_count=498866
mean_angular_error_deg=4.073804
median_angular_error_deg=0.082968
rmse_angular_error_deg=16.777956
percent_below_11.25_deg=92.232383
percent_below_22.5_deg=94.900234
percent_below_30_deg=95.850389
