valid_count=498625
mean_angular_error_deg=5.613595
median_angular_error_deg=0.099048
rmse_angular_error_deg=16.819745
percent_below_11.25_deg=86.237353
percent_below_22.5_deg=92.435197
percent_below_30_deg=94.587115
