valid_count=498803
mean_angular_error_deg=9.027553
median_angular_error_deg=0.092740
rmse_angular_error_deg=24.045180
percent_below_11.25_deg=81.333713
percent_below_22.5_deg=87.141417
percent_below_30_deg=89.985626
