valid_count=488799
mean_angular_error_deg=8.697675
median_angular_error_deg=0.083786
rmse_angular_error_deg=22.610362
percent_below_11.25_deg=80.602456
percent_below_22.5_deg=87.566873
percent_below_30_deg=90.546216
