valid_count=498599
mean_angular_error_deg=6.081151
median_angular_error_deg=0.066637
rmse_angular_error_deg=19.458058
percent_below_11.25_deg=87.275947
percent_below_22.5_deg=91.347957
percent_below_30_deg=93.253496
