valid_count=496420
mean_angular_error_deg=15.533540
median_angular_error_deg=0.076226
rmse_angular_error_deg=38.503643
percent_below_11.25_deg=77.944080
percent_below_22.5_deg=82.002538
percent_below_30_deg=83.890859
