valid_count=488648
mean_angular_error_deg=6.322554
median_angular_error_deg=0.062422
rmse_angular_error_deg=22.033920
percent_below_11.25_deg=89.540324
percent_below_22.5_deg=92.038236
percent_below_30_deg=93.038956
