valid_count=498932
mean_angular_error_deg=3.527456
median_angular_error_deg=0.059028
rmse_angular_error_deg=15.978446
percent_below_11.25_deg=94.054300
percent_below_22.5_deg=95.633674
percent_below_30_deg=96.297291
