valid_count=498491
mean_angular_error_deg=13.070829
median_angular_error_deg=0.071269
rmse_angular_error_deg=32.921229
percent_below_11.25_deg=80.317197
percent_below_22.5_deg=83.718864
percent_below_30_deg=85.398332
