valid_count=498513
mean_angular_error_deg=5.726005
median_angular_error_deg=0.070152
rmse_angular_error_deg=19.202481
percent_below_11.25_deg=88.615141
percent_below_22.5_deg=92.137417
percent_below_30_deg=93.702471
