valid_count=498991
mean_angular_error_deg=2.429091
median_angular_error_deg=0.060628
rmse_angular_error_deg=11.026744
percent_below_11.25_deg=94.226549
percent_below_22.5_deg=96.961067
percent_below_30_deg=97.880924
