valid_count=460260
mean_angular_error_deg=8.730206
median_angular_error_deg=0.071551
rmse_angular_error_deg=25.055735
percent_below_11.25_deg=83.801764
percent_below_22.5_deg=88.162343
percent_below_30_deg=90.074089
