valid_count=486562
mean_angular_error_deg=4.068696
median_angular_error_deg=0.071260
rmse_angular_error_deg=16.535444
percent_below_11.25_deg=92.051167
percent_below_22.5_deg=94.877528
percent_below_30_deg=95.947485
