valid_count=499068
mean_angular_error_deg=5.537985
median_angular_error_deg=0.080000
rmse_angular_error_deg=19.857672
percent_below_11.25_deg=90.011381
percent_below_22.5_deg=92.908381
percent_below_30_deg=94.034280
