valid_count=485920
mean_angular_error_deg=6.042683
median_angular_error_deg=0.082610
rmse_angular_error_deg=18.539695
percent_below_11.25_deg=86.593061
percent_below_22.5_deg=91.390764
percent_below_30_deg=93.603680
