valid_count=487363
mean_angular_error_deg=3.898867
median_angular_error_deg=0.065440
rmse_angular_error_deg=16.328607
percent_below_11.25_deg=93.377011
percent_below_22.5_deg=95.395014
percent_below_30_deg=96.060637
