valid_count=498610
mean_angular_error_deg=6.912800
median_angular_error_deg=0.067447
rmse_angular_error_deg=20.761040
percent_below_11.25_deg=85.582519
percent_below_22.5_deg=90.021460
percent_below_30_deg=92.175047
