valid_count=482173
mean_angular_error_deg=4.090609
median_angular_error_deg=0.071239
rmse_angular_error_deg=16.641647
percent_below_11.25_deg=92.337812
percent_below_22.5_deg=94.517943
percent_below_30_deg=95.419901
