valid_count=498464
mean_angular_error_deg=7.302052
median_angular_error_deg=0.075057
rmse_angular_error_deg=23.533606
percent_below_11.25_deg=87.583858
percent_below_22.5_deg=90.657299
percent_below_30_deg=92.025101
