valid_count=498507
mean_angular_error_deg=13.799280
median_angular_error_deg=0.072271
rmse_angular_error_deg=33.853965
percent_below_11.25_deg=79.424361
percent_below_22.5_deg=82.838556
percent_below_30_deg=84.489486
