valid_count=484591
mean_angular_error_deg=8.825705
median_angular_error_deg=0.068622
rmse_angular_error_deg=24.074426
percent_below_11.25_deg=81.846960
percent_below_22.5_deg=87.871834
percent_below_30_deg=90.234239
