valid_count=497692
mean_angular_error_deg=7.867357
median_angular_error_deg=0.065843
rmse_angular_error_deg=22.771068
percent_below_11.25_deg=84.355384
percent_below_22.5_deg=89.276701
percent_below_30_deg=91.174461
