valid_count=499040
mean_angular_error_deg=2.333858
median_angular_error_deg=0.056443
rmse_angular_error_deg=11.581632
percent_below_11.25_deg=94.964332
percent_below_22.5_deg=97.067369
percent_below_30_deg=97.876323
