valid_count=499037
mean_angular_error_deg=2.278390
median_angular_error_deg=0.056898
rmse_angular_error_deg=11.488539
percent_below_11.25_deg=95.080926
percent_below_22.5_deg=97.158527
percent_below_30_deg=97.951855
