valid_count=487545
mean_angular_error_deg=5.839860
median_angular_error_deg=0.075522
rmse_angular_error_deg=20.425080
percent_below_11.25_deg=89.744126
percent_below_22.5_deg=92.378139
percent_below_30_deg=93.547878
