valid_count=498798
mean_angular_error_deg=4.525047
median_angular_error_deg=0.090577
rmse_angular_error_deg=17.198753
percent_below_11.25_deg=91.167166
percent_below_22.5_deg=94.156151
percent_below_30_deg=95.300502
