valid_count=498961
mean_angular_error_deg=2.233003
median_angular_error_deg=0.057801
rmse_angular_error_deg=11.228746
percent_below_11.25_deg=95.265161
percent_below_22.5_deg=97.323639
percent_below_30_deg=98.051952
