valid_count=498619
mean_angular_error_deg=17.975967
median_angular_error_deg=0.094455
rmse_angular_error_deg=39.846931
percent_below_11.25_deg=73.737262
percent_below_22.5_deg=78.498413
percent_below_30_deg=80.558703
