valid_count=485462
mean_angular_error_deg=4.629315
median_angular_error_deg=0.072495
rmse_angular_error_deg=18.238989
percent_below_11.25_deg=91.340414
percent_below_22.5_deg=94.228796
percent_below_30_deg=95.389546
