valid_count=498877
mean_angular_error_deg=3.989789
median_angular_error_deg=0.095896
rmse_angular_error_deg=15.746247
percent_below_11.25_deg=92.097250
percent_below_22.5_deg=94.793707
percent_below_30_deg=95.754064
