valid_count=498164
mean_angular_error_deg=5.930315
median_angular_error_deg=0.073262
rmse_angular_error_deg=21.621526
percent_below_11.25_deg=90.376864
percent_below_22.5_deg=92.684337
percent_below_30_deg=93.649079
