valid_count=487336
mean_angular_error_deg=10.718159
median_angular_error_deg=0.077463
rmse_angular_error_deg=27.996349
percent_below_11.25_deg=81.491620
percent_below_22.5_deg=85.792759
percent_below_30_deg=87.525239
