valid_count=498836
mean_angular_error_deg=5.182019
median_angular_error_deg=0.073840
rmse_angular_error_deg=17.367068
percent_below_11.25_deg=89.343191
percent_below_22.5_deg=93.082697
percent_below_30_deg=94.607045
