valid_count=498943
mean_angular_error_deg=6.229745
median_angular_error_deg=0.084319
rmse_angular_error_deg=22.234380
percent_below_11.25_deg=89.676376
percent_below_22.5_deg=92.299922
percent_below_30_deg=93.337916
