valid_count=498918
mean_angular_error_deg=4.785135
median_angular_error_deg=0.072136
rmse_angular_error_deg=16.427077
percent_below_11.25_deg=89.777478
percent_below_22.5_deg=93.519175
percent_below_30_deg=94.934839
