valid_count=498552
mean_angular_error_deg=8.474081
median_angular_error_deg=0.081451
rmse_angular_error_deg=24.191294
percent_below_11.25_deg=83.528900
percent_below_22.5_deg=88.352268
percent_below_30_deg=90.586539
