valid_count=498626
mean_angular_error_deg=4.959784
median_angular_error_deg=0.065109
rmse_angular_error_deg=18.300186
percent_below_11.25_deg=90.849254
percent_below_22.5_deg=93.538444
percent_below_30_deg=94.631848
