valid_count=498125
mean_angular_error_deg=15.176024
median_angular_error_deg=0.101542
rmse_angular_error_deg=33.728657
percent_below_11.25_deg=72.544843
percent_below_22.5_deg=78.745496
percent_below_30_deg=82.307854
