valid_count=484553
mean_angular_error_deg=7.134366
median_angular_error_deg=0.075867
rmse_angular_error_deg=22.959453
percent_below_11.25_deg=87.940225
percent_below_22.5_deg=91.116348
percent_below_30_deg=92.277625
