valid_count=491078
mean_angular_error_deg=7.525604
median_angular_error_deg=0.074594
rmse_angular_error_deg=24.899501
percent_below_11.25_deg=87.713357
percent_below_22.5_deg=90.875177
percent_below_30_deg=92.271085
