valid_count=498903
mean_angular_error_deg=3.747483
median_angular_error_deg=0.083489
rmse_angular_error_deg=15.773928
percent_below_11.25_deg=93.067791
percent_below_22.5_deg=94.928874
percent_below_30_deg=95.824238
