valid_count=498764
mean_angular_error_deg=6.694329
median_angular_error_deg=0.073259
rmse_angular_error_deg=20.290911
percent_below_11.25_deg=86.013626
percent_below_22.5_deg=90.615000
percent_below_30_deg=92.524721
