valid_count=468981
mean_angular_error_deg=7.207949
median_angular_error_deg=0.078280
rmse_angular_error_deg=22.137180
percent_below_11.25_deg=86.649992
percent_below_22.5_deg=90.945689
percent_below_30_deg=92.463874
