valid_count=493827
mean_angular_error_deg=4.030313
median_angular_error_deg=0.063067
rmse_angular_error_deg=17.452250
percent_below_11.25_deg=92.796870
percent_below_22.5_deg=94.764158
percent_below_30_deg=95.682699
