valid_count=490318
mean_angular_error_deg=7.215236
median_angular_error_deg=0.081897
rmse_angular_error_deg=19.836425
percent_below_11.25_deg=84.115819
percent_below_22.5_deg=89.635094
percent_below_30_deg=91.663369
