valid_count=498442
mean_angular_error_deg=7.134430
median_angular_error_deg=0.074485
rmse_angular_error_deg=23.341132
percent_below_11.25_deg=88.113361
percent_below_22.5_deg=90.901048
percent_below_30_deg=92.179030
