valid_count=497043
mean_angular_error_deg=3.915579
median_angular_error_deg=0.088272
rmse_angular_error_deg=16.539323
percent_below_11.25_deg=92.737047
percent_below_22.5_deg=95.121348
percent_below_30_deg=96.032738
