valid_count=498591
mean_angular_error_deg=5.102768
median_angular_error_deg=0.063004
rmse_angular_error_deg=18.462378
percent_below_11.25_deg=90.551574
percent_below_22.5_deg=93.262614
percent_below_30_deg=94.372542
