valid_count=499040
mean_angular_error_deg=2.495550
median_angular_error_deg=0.056156
rmse_angular_error_deg=11.142037
percent_below_11.25_deg=94.121714
percent_below_22.5_deg=96.802060
percent_below_30_deg=97.754288
