valid_count=498821
mean_angular_error_deg=8.014766
median_angular_error_deg=0.064218
rmse_angular_error_deg=23.535524
percent_below_11.25_deg=84.778508
percent_below_22.5_deg=89.196525
percent_below_30_deg=91.063327
