valid_count=486009
mean_angular_error_deg=8.166883
median_angular_error_deg=0.086677
rmse_angular_error_deg=23.778391
percent_below_11.25_deg=84.814890
percent_below_22.5_deg=89.240528
percent_below_30_deg=91.173826
