valid_count=486774
mean_angular_error_deg=6.093310
median_angular_error_deg=0.070389
rmse_angular_error_deg=20.881865
percent_below_11.25_deg=89.262574
percent_below_22.5_deg=92.172343
percent_below_30_deg=93.351740
