valid_count=464930
mean_angular_error_deg=7.364662
median_angular_error_deg=0.081574
rmse_angular_error_deg=22.777955
percent_below_11.25_deg=86.728755
percent_below_22.5_deg=90.831738
percent_below_30_deg=92.430043
