valid_count=484508
mean_angular_error_deg=7.201779
median_angular_error_deg=0.074611
rmse_angular_error_deg=20.973188
percent_below_11.25_deg=84.843388
percent_below_22.5_deg=89.634846
percent_below_30_deg=91.539665
