valid_count=498797
mean_angular_error_deg=4.316711
median_angular_error_deg=0.060480
rmse_angular_error_deg=16.769198
percent_below_11.25_deg=91.673166
percent_below_22.5_deg=94.466887
percent_below_30_deg=95.659757
