valid_count=408213
mean_angular_error_deg=13.499507
median_angular_error_deg=0.261545
rmse_angular_error_deg=28.214358
percent_below_11.25_deg=68.169069
percent_below_22.5_deg=79.927881
percent_below_30_deg=84.803032
