valid_count=498865
mean_angular_error_deg=4.164000
median_angular_error_deg=0.077074
rmse_angular_error_deg=16.639825
percent_below_11.25_deg=91.746264
percent_below_22.5_deg=94.560452
percent_below_30_deg=95.677789
