valid_count=499153
mean_angular_error_deg=6.019886
median_angular_error_deg=0.071586
rmse_angular_error_deg=20.698658
percent_below_11.25_deg=88.958095
percent_below_22.5_deg=92.349841
percent_below_30_deg=93.409636
