valid_count=499168
mean_angular_error_deg=1.708878
median_angular_error_deg=0.088094
rmse_angular_error_deg=9.091203
percent_below_11.25_deg=96.520610
percent_below_22.5_deg=97.703579
percent_below_30_deg=98.139103
