valid_count=482206
mean_angular_error_deg=7.503856
median_angular_error_deg=0.106999
rmse_angular_error_deg=21.998783
percent_below_11.25_deg=85.543108
percent_below_22.5_deg=89.699423
percent_below_30_deg=91.683845
