valid_count=468476
mean_angular_error_deg=8.267755
median_angular_error_deg=0.063124
rmse_angular_error_deg=27.202331
percent_below_11.25_deg=87.441192
percent_below_22.5_deg=90.074198
percent_below_30_deg=91.288988
