valid_count=499003
mean_angular_error_deg=3.223748
median_angular_error_deg=0.080062
rmse_angular_error_deg=13.844410
percent_below_11.25_deg=93.794827
percent_below_22.5_deg=96.258940
percent_below_30_deg=96.869558
