valid_count=495167
mean_angular_error_deg=3.537082
median_angular_error_deg=0.061562
rmse_angular_error_deg=15.711565
percent_below_11.25_deg=93.479170
percent_below_22.5_deg=95.261599
percent_below_30_deg=96.227333
