valid_count=498289
mean_angular_error_deg=5.879194
median_angular_error_deg=0.061811
rmse_angular_error_deg=20.782188
percent_below_11.25_deg=89.873347
percent_below_22.5_deg=91.931590
percent_below_30_deg=93.064667
