valid_count=498753
mean_angular_error_deg=7.837962
median_angular_error_deg=0.063553
rmse_angular_error_deg=23.427899
percent_below_11.25_deg=85.459937
percent_below_22.5_deg=89.554549
percent_below_30_deg=91.131081
