valid_count=498934
mean_angular_error_deg=2.255686
median_angular_error_deg=0.057420
rmse_angular_error_deg=11.282118
percent_below_11.25_deg=95.202371
percent_below_22.5_deg=97.266773
percent_below_30_deg=98.023787
