valid_count=481512
mean_angular_error_deg=7.914275
median_angular_error_deg=0.107628
rmse_angular_error_deg=21.214624
percent_below_11.25_deg=83.914212
percent_below_22.5_deg=89.831406
percent_below_30_deg=91.929173
