valid_count=498553
mean_angular_error_deg=6.017282
median_angular_error_deg=0.065045
rmse_angular_error_deg=19.333574
percent_below_11.25_deg=87.377872
percent_below_22.5_deg=91.403722
percent_below_30_deg=93.353966
