valid_count=498915
mean_angular_error_deg=4.614552
median_angular_error_deg=0.062788
rmse_angular_error_deg=18.347805
percent_below_11.25_deg=92.099055
percent_below_22.5_deg=94.198811
percent_below_30_deg=95.066895
