valid_count=498168
mean_angular_error_deg=7.542941
median_angular_error_deg=0.066012
rmse_angular_error_deg=22.114980
percent_below_11.25_deg=84.888632
percent_below_22.5_deg=89.478851
percent_below_30_deg=91.616884
