valid_count=497027
mean_angular_error_deg=2.287976
median_angular_error_deg=0.063228
rmse_angular_error_deg=10.513375
percent_below_11.25_deg=94.827846
percent_below_22.5_deg=97.029538
percent_below_30_deg=97.734328
