valid_count=498679
mean_angular_error_deg=1.886909
median_angular_error_deg=0.068015
rmse_angular_error_deg=10.059857
percent_below_11.25_deg=96.068413
percent_below_22.5_deg=97.477135
percent_below_30_deg=98.162144
