valid_count=498283
mean_angular_error_deg=7.300044
median_angular_error_deg=0.066541
rmse_angular_error_deg=22.267584
percent_below_11.25_deg=85.735817
percent_below_22.5_deg=89.815828
percent_below_30_deg=91.701904
