valid_count=497472
mean_angular_error_deg=1.909043
median_angular_error_deg=0.057917
rmse_angular_error_deg=9.608373
percent_below_11.25_deg=95.543267
percent_below_22.5_deg=97.517649
percent_below_30_deg=98.373577
