valid_count=454188
mean_angular_error_deg=15.715990
median_angular_error_deg=0.078274
rmse_angular_error_deg=38.417834
percent_below_11.25_deg=76.961302
percent_below_22.5_deg=81.207341
percent_below_30_deg=83.302289
