valid_count=437285
mean_angular_error_deg=9.213130
median_angular_error_deg=0.070447
rmse_angular_error_deg=25.110606
percent_below_11.25_deg=82.424963
percent_below_22.5_deg=86.766983
percent_below_30_deg=88.907692
