valid_count=499098
mean_angular_error_deg=2.316702
median_angular_error_deg=0.053354
rmse_angular_error_deg=10.496796
percent_below_11.25_deg=94.626105
percent_below_22.5_deg=96.841101
percent_below_30_deg=97.813656
