valid_count=498929
mean_angular_error_deg=4.611081
median_angular_error_deg=0.074806
rmse_angular_error_deg=17.084931
percent_below_11.25_deg=90.694067
percent_below_22.5_deg=94.142453
percent_below_30_deg=95.245416
