valid_count=498707
mean_angular_error_deg=7.656413
median_angular_error_deg=0.064373
rmse_angular_error_deg=22.875973
percent_below_11.25_deg=85.338285
percent_below_22.5_deg=89.759518
percent_below_30_deg=91.457710
