valid_count=498551
mean_angular_error_deg=14.701780
median_angular_error_deg=0.076612
rmse_angular_error_deg=34.977115
percent_below_11.25_deg=78.261803
percent_below_22.5_deg=81.655638
percent_below_30_deg=83.285361
