valid_count=498971
mean_angular_error_deg=2.429029
median_angular_error_deg=0.064004
rmse_angular_error_deg=11.128219
percent_below_11.25_deg=94.357788
percent_below_22.5_deg=97.030288
percent_below_30_deg=97.968419
