valid_count=498278
mean_angular_error_deg=8.292822
median_angular_error_deg=0.067056
rmse_angular_error_deg=25.937571
percent_below_11.25_deg=86.571753
percent_below_22.5_deg=89.765954
percent_below_30_deg=91.252474
