valid_count=498812
mean_angular_error_deg=4.123094
median_angular_error_deg=0.087632
rmse_angular_error_deg=14.208238
percent_below_11.25_deg=90.132154
percent_below_22.5_deg=94.179170
percent_below_30_deg=95.820068
