valid_count=499146
mean_angular_error_deg=3.571443
median_angular_error_deg=0.083306
rmse_angular_error_deg=13.062037
percent_below_11.25_deg=91.610671
percent_below_22.5_deg=95.431196
percent_below_30_deg=96.725207
