valid_count=498800
mean_angular_error_deg=6.327769
median_angular_error_deg=0.068854
rmse_angular_error_deg=19.548526
percent_below_11.25_deg=86.696071
percent_below_22.5_deg=90.999800
percent_below_30_deg=92.890938
