valid_count=498927
mean_angular_error_deg=4.868240
median_angular_error_deg=0.066429
rmse_angular_error_deg=16.946264
percent_below_11.25_deg=90.004149
percent_below_22.5_deg=93.451747
percent_below_30_deg=94.810664
