valid_count=495852
mean_angular_error_deg=3.224819
median_angular_error_deg=0.077219
rmse_angular_error_deg=13.255115
percent_below_11.25_deg=92.727265
percent_below_22.5_deg=95.951211
percent_below_30_deg=96.856925
