valid_count=498767
mean_angular_error_deg=5.930533
median_angular_error_deg=0.066517
rmse_angular_error_deg=18.930054
percent_below_11.25_deg=87.628692
percent_below_22.5_deg=91.562393
percent_below_30_deg=93.350603
