valid_count=498837
mean_angular_error_deg=1.782314
median_angular_error_deg=0.070358
rmse_angular_error_deg=9.473411
percent_below_11.25_deg=96.164278
percent_below_22.5_deg=97.567141
percent_below_30_deg=98.201416
