valid_count=490858
mean_angular_error_deg=6.939902
median_angular_error_deg=0.082597
rmse_angular_error_deg=19.126473
percent_below_11.25_deg=83.518451
percent_below_22.5_deg=89.209710
percent_below_30_deg=92.145794
