valid_count=498148
mean_angular_error_deg=7.849076
median_angular_error_deg=0.065029
rmse_angular_error_deg=22.868525
percent_below_11.25_deg=84.667408
percent_below_22.5_deg=89.439685
percent_below_30_deg=91.414198
