valid_count=494229
mean_angular_error_deg=2.999608
median_angular_error_deg=0.075178
rmse_angular_error_deg=11.874930
percent_below_11.25_deg=92.858371
percent_below_22.5_deg=96.133574
percent_below_30_deg=97.138776
