valid_count=498615
mean_angular_error_deg=4.269246
median_angular_error_deg=0.063579
rmse_angular_error_deg=15.333839
percent_below_11.25_deg=90.611594
percent_below_22.5_deg=94.172658
percent_below_30_deg=95.517183
