valid_count=475413
mean_angular_error_deg=12.408804
median_angular_error_deg=0.069543
rmse_angular_error_deg=34.277761
percent_below_11.25_deg=81.740928
percent_below_22.5_deg=85.232209
percent_below_30_deg=87.133082
