valid_count=432523
mean_angular_error_deg=7.270315
median_angular_error_deg=0.074244
rmse_angular_error_deg=23.186604
percent_below_11.25_deg=86.858502
percent_below_22.5_deg=90.355195
percent_below_30_deg=92.020309
