valid_count=498202
mean_angular_error_deg=5.562367
median_angular_error_deg=0.075302
rmse_angular_error_deg=19.130893
percent_below_11.25_deg=89.196952
percent_below_22.5_deg=92.484374
percent_below_30_deg=93.811346
