valid_count=498717
mean_angular_error_deg=6.389306
median_angular_error_deg=0.078745
rmse_angular_error_deg=23.060793
percent_below_11.25_deg=89.953621
percent_below_22.5_deg=92.319692
percent_below_30_deg=93.296399
