valid_count=483852
mean_angular_error_deg=7.287161
median_angular_error_deg=0.074807
rmse_angular_error_deg=23.390488
percent_below_11.25_deg=87.392012
percent_below_22.5_deg=90.725263
percent_below_30_deg=92.110604
