valid_count=498600
mean_angular_error_deg=7.093365
median_angular_error_deg=0.067424
rmse_angular_error_deg=21.042845
percent_below_11.25_deg=85.258123
percent_below_22.5_deg=89.755114
percent_below_30_deg=92.020858
