valid_count=462590
mean_angular_error_deg=7.378587
median_angular_error_deg=0.085279
rmse_angular_error_deg=22.514432
percent_below_11.25_deg=86.602823
percent_below_22.5_deg=90.714239
percent_below_30_deg=92.270477
