valid_count=498513
mean_angular_error_deg=14.858774
median_angular_error_deg=0.102189
rmse_angular_error_deg=32.067048
percent_below_11.25_deg=71.766233
percent_below_22.5_deg=78.478194
percent_below_30_deg=81.691751
