valid_count=498534
mean_angular_error_deg=6.535367
median_angular_error_deg=0.066818
rmse_angular_error_deg=20.165195
percent_below_11.25_deg=86.468927
percent_below_22.5_deg=90.850774
percent_below_30_deg=92.787653
