valid_count=485576
mean_angular_error_deg=6.893431
median_angular_error_deg=0.072530
rmse_angular_error_deg=19.614308
percent_below_11.25_deg=84.478846
percent_below_22.5_deg=89.767822
percent_below_30_deg=92.057474
