valid_count=482002
mean_angular_error_deg=7.438724
median_angular_error_deg=0.078550
rmse_angular_error_deg=20.973145
percent_below_11.25_deg=84.066249
percent_below_22.5_deg=89.416849
percent_below_30_deg=91.883436
