valid_count=498223
mean_angular_error_deg=7.933155
median_angular_error_deg=0.065736
rmse_angular_error_deg=22.965919
percent_below_11.25_deg=84.598664
percent_below_22.5_deg=89.229120
percent_below_30_deg=91.322761
