valid_count=498495
mean_angular_error_deg=5.617534
median_angular_error_deg=0.069696
rmse_angular_error_deg=19.044716
percent_below_11.25_deg=88.807711
percent_below_22.5_deg=92.320284
percent_below_30_deg=93.844472
