valid_count=499094
mean_angular_error_deg=2.198035
median_angular_error_deg=0.053455
rmse_angular_error_deg=10.180107
percent_below_11.25_deg=94.839249
percent_below_22.5_deg=97.022805
percent_below_30_deg=98.036642
