valid_count=499002
mean_angular_error_deg=2.054519
median_angular_error_deg=0.066894
rmse_angular_error_deg=10.646874
percent_below_11.25_deg=95.675368
percent_below_22.5_deg=97.435481
percent_below_30_deg=98.083575
