valid_count=487373
mean_angular_error_deg=11.131496
median_angular_error_deg=0.080310
rmse_angular_error_deg=28.251223
percent_below_11.25_deg=80.347290
percent_below_22.5_deg=84.949720
percent_below_30_deg=86.931775
