valid_count=499017
mean_angular_error_deg=4.872424
median_angular_error_deg=0.070702
rmse_angular_error_deg=16.796853
percent_below_11.25_deg=89.847440
percent_below_22.5_deg=94.127455
percent_below_30_deg=95.399155
