valid_count=498515
mean_angular_error_deg=18.609517
median_angular_error_deg=0.097560
rmse_angular_error_deg=40.741501
percent_below_11.25_deg=72.749667
percent_below_22.5_deg=77.787228
percent_below_30_deg=80.069607
