valid_count=497683
mean_angular_error_deg=6.444213
median_angular_error_deg=0.063801
rmse_angular_error_deg=21.456855
percent_below_11.25_deg=88.453092
percent_below_22.5_deg=91.037267
percent_below_30_deg=92.258124
