valid_count=485449
mean_angular_error_deg=6.704896
median_angular_error_deg=0.071327
rmse_angular_error_deg=20.037300
percent_below_11.25_deg=85.858041
percent_below_22.5_deg=90.297642
percent_below_30_deg=92.030265
