valid_count=498770
mean_angular_error_deg=6.947470
median_angular_error_deg=0.064213
rmse_angular_error_deg=22.093544
percent_below_11.25_deg=87.167231
percent_below_22.5_deg=91.092889
percent_below_30_deg=92.605409
