valid_count=476667
mean_angular_error_deg=5.671414
median_angular_error_deg=0.066448
rmse_angular_error_deg=18.234542
percent_below_11.25_deg=88.045952
percent_below_22.5_deg=92.212383
percent_below_30_deg=94.006508
