valid_count=498760
mean_angular_error_deg=4.410492
median_angular_error_deg=0.066410
rmse_angular_error_deg=15.848466
percent_below_11.25_deg=90.499639
percent_below_22.5_deg=93.958617
percent_below_30_deg=95.381747
