valid_count=498617
mean_angular_error_deg=7.123900
median_angular_error_deg=0.069290
rmse_angular_error_deg=20.900314
percent_below_11.25_deg=84.774286
percent_below_22.5_deg=89.740422
percent_below_30_deg=92.141864
