valid_count=487358
mean_angular_error_deg=5.281165
median_angular_error_deg=0.077171
rmse_angular_error_deg=19.069627
percent_below_11.25_deg=90.473328
percent_below_22.5_deg=93.004526
percent_below_30_deg=94.148449
