valid_count=499116
mean_angular_error_deg=2.121847
median_angular_error_deg=0.065505
rmse_angular_error_deg=10.835195
percent_below_11.25_deg=95.821613
percent_below_22.5_deg=97.660263
percent_below_30_deg=98.040536
