valid_count=484664
mean_angular_error_deg=7.083560
median_angular_error_deg=0.075550
rmse_angular_error_deg=20.123425
percent_below_11.25_deg=84.326668
percent_below_22.5_deg=89.667275
percent_below_30_deg=91.998993
