valid_count=499124
mean_angular_error_deg=2.368419
median_angular_error_deg=0.071025
rmse_angular_error_deg=12.510885
percent_below_11.25_deg=95.686843
percent_below_22.5_deg=96.956868
percent_below_30_deg=97.470168
