valid_count=473123
mean_angular_error_deg=14.495704
median_angular_error_deg=0.074385
rmse_angular_error_deg=37.603498
percent_below_11.25_deg=79.168631
percent_below_22.5_deg=83.001038
percent_below_30_deg=85.367019
