valid_count=477052
mean_angular_error_deg=9.213461
median_angular_error_deg=0.089179
rmse_angular_error_deg=23.319833
percent_below_11.25_deg=80.793498
percent_below_22.5_deg=87.698616
percent_below_30_deg=89.992705
