valid_count=481943
mean_angular_error_deg=7.548872
median_angular_error_deg=0.053695
rmse_angular_error_deg=23.497650
percent_below_11.25_deg=86.180938
percent_below_22.5_deg=89.824523
percent_below_30_deg=91.635940
