valid_count=498518
mean_angular_error_deg=6.485802
median_angular_error_deg=0.081122
rmse_angular_error_deg=20.839217
percent_below_11.25_deg=87.356324
percent_below_22.5_deg=91.271729
percent_below_30_deg=92.962340
