valid_count=498689
mean_angular_error_deg=7.126049
median_angular_error_deg=0.067955
rmse_angular_error_deg=21.129329
percent_below_11.25_deg=85.329735
percent_below_22.5_deg=89.859211
percent_below_30_deg=91.989597
