valid_count=498042
mean_angular_error_deg=7.158489
median_angular_error_deg=0.067885
rmse_angular_error_deg=23.470795
percent_below_11.25_deg=87.863473
percent_below_22.5_deg=90.866634
percent_below_30_deg=92.242421
