valid_count=462530
mean_angular_error_deg=4.607802
median_angular_error_deg=0.062947
rmse_angular_error_deg=17.353658
percent_below_11.25_deg=91.082957
percent_below_22.5_deg=93.735974
percent_below_30_deg=94.816769
