valid_count=496630
mean_angular_error_deg=3.749727
median_angular_error_deg=0.059338
rmse_angular_error_deg=16.098909
percent_below_11.25_deg=93.280511
percent_below_22.5_deg=95.284216
percent_below_30_deg=96.095484
