valid_count=498377
mean_angular_error_deg=7.415430
median_angular_error_deg=0.069505
rmse_angular_error_deg=22.656974
percent_below_11.25_deg=86.359322
percent_below_22.5_deg=90.344057
percent_below_30_deg=92.057619
