valid_count=498972
mean_angular_error_deg=2.415079
median_angular_error_deg=0.061877
rmse_angular_error_deg=10.993458
percent_below_11.25_deg=94.299881
percent_below_22.5_deg=96.989811
percent_below_30_deg=97.938361
