valid_count=498791
mean_angular_error_deg=6.513360
median_angular_error_deg=0.068860
rmse_angular_error_deg=19.895142
percent_below_11.25_deg=86.342376
percent_below_22.5_deg=90.729785
percent_below_30_deg=92.751273
