valid_count=499101
mean_angular_error_deg=1.965015
median_angular_error_deg=0.053474
rmse_angular_error_deg=9.506164
percent_below_11.25_deg=95.304157
percent_below_22.5_deg=97.470452
percent_below_30_deg=98.346227
