valid_count=498661
mean_angular_error_deg=2.092615
median_angular_error_deg=0.066596
rmse_angular_error_deg=10.039522
percent_below_11.25_deg=95.293396
percent_below_22.5_deg=97.182254
percent_below_30_deg=97.954923
