valid_count=498753
mean_angular_error_deg=7.962444
median_angular_error_deg=0.061168
rmse_angular_error_deg=23.525700
percent_below_11.25_deg=85.002396
percent_below_22.5_deg=89.434249
percent_below_30_deg=91.079352
