valid_count=464074
mean_angular_error_deg=10.278141
median_angular_error_deg=0.077330
rmse_angular_error_deg=25.424322
percent_below_11.25_deg=79.599159
percent_below_22.5_deg=86.121825
percent_below_30_deg=88.641036
