valid_count=499069
mean_angular_error_deg=1.865191
median_angular_error_deg=0.053519
rmse_angular_error_deg=9.197551
percent_below_11.25_deg=95.494811
percent_below_22.5_deg=97.644614
percent_below_30_deg=98.497202
