valid_count=485863
mean_angular_error_deg=4.509588
median_angular_error_deg=0.054592
rmse_angular_error_deg=17.375292
percent_below_11.25_deg=91.840087
percent_below_22.5_deg=94.265462
percent_below_30_deg=95.181358
