valid_count=498391
mean_angular_error_deg=10.693593
median_angular_error_deg=0.071115
rmse_angular_error_deg=29.875814
percent_below_11.25_deg=83.874107
percent_below_22.5_deg=86.984516
percent_below_30_deg=88.240157
