valid_count=498963
mean_angular_error_deg=2.223598
median_angular_error_deg=0.058035
rmse_angular_error_deg=11.220240
percent_below_11.25_deg=95.313280
percent_below_22.5_deg=97.345094
percent_below_30_deg=98.065388
