valid_count=482181
mean_angular_error_deg=4.505135
median_angular_error_deg=0.065763
rmse_angular_error_deg=17.056177
percent_below_11.25_deg=91.163899
percent_below_22.5_deg=93.994164
percent_below_30_deg=95.038585
