valid_count=498286
mean_angular_error_deg=6.060577
median_angular_error_deg=0.076417
rmse_angular_error_deg=21.140431
percent_below_11.25_deg=89.589714
percent_below_22.5_deg=92.249030
percent_below_30_deg=93.336758
