valid_count=491739
mean_angular_error_deg=7.164635
median_angular_error_deg=0.061216
rmse_angular_error_deg=23.903467
percent_below_11.25_deg=88.598627
percent_below_22.5_deg=91.076364
percent_below_30_deg=92.074657
