valid_count=498408
mean_angular_error_deg=7.518856
median_angular_error_deg=0.075401
rmse_angular_error_deg=23.975005
percent_below_11.25_deg=87.169748
percent_below_22.5_deg=90.295100
percent_below_30_deg=91.744113
