valid_count=498244
mean_angular_error_deg=6.229091
median_angular_error_deg=0.076274
rmse_angular_error_deg=21.561407
percent_below_11.25_deg=89.445131
percent_below_22.5_deg=92.072960
percent_below_30_deg=93.191288
