valid_count=499159
mean_angular_error_deg=1.814003
median_angular_error_deg=0.072992
rmse_angular_error_deg=9.248843
percent_below_11.25_deg=96.046350
percent_below_22.5_deg=97.451113
percent_below_30_deg=98.069954
