valid_count=499167
mean_angular_error_deg=1.536621
median_angular_error_deg=0.070885
rmse_angular_error_deg=8.640345
percent_below_11.25_deg=96.853358
percent_below_22.5_deg=98.228649
percent_below_30_deg=98.581637
