valid_count=498739
mean_angular_error_deg=7.982323
median_angular_error_deg=0.060878
rmse_angular_error_deg=23.656031
percent_below_11.25_deg=84.943427
percent_below_22.5_deg=89.136001
percent_below_30_deg=90.954587
