valid_count=498732
mean_angular_error_deg=5.540356
median_angular_error_deg=0.063225
rmse_angular_error_deg=19.285538
percent_below_11.25_deg=89.421974
percent_below_22.5_deg=92.474716
percent_below_30_deg=93.771404
