valid_count=498211
mean_angular_error_deg=7.630080
median_angular_error_deg=0.060616
rmse_angular_error_deg=22.826602
percent_below_11.25_deg=85.208877
percent_below_22.5_deg=89.939604
percent_below_30_deg=91.785207
