valid_count=487301
mean_angular_error_deg=5.520708
median_angular_error_deg=0.064271
rmse_angular_error_deg=20.144355
percent_below_11.25_deg=90.808350
percent_below_22.5_deg=93.109803
percent_below_30_deg=93.957328
