valid_count=498674
mean_angular_error_deg=7.629822
median_angular_error_deg=0.060813
rmse_angular_error_deg=22.906050
percent_below_11.25_deg=85.613246
percent_below_22.5_deg=89.679831
percent_below_30_deg=91.287494
