valid_count=490468
mean_angular_error_deg=9.163301
median_angular_error_deg=0.074595
rmse_angular_error_deg=26.997999
percent_below_11.25_deg=85.016760
percent_below_22.5_deg=88.351738
percent_below_30_deg=89.768955
