valid_count=498671
mean_angular_error_deg=7.904835
median_angular_error_deg=0.067158
rmse_angular_error_deg=23.864256
percent_below_11.25_deg=85.951058
percent_below_22.5_deg=89.889526
percent_below_30_deg=91.532694
