valid_count=498412
mean_angular_error_deg=8.924660
median_angular_error_deg=0.080328
rmse_angular_error_deg=24.035467
percent_below_11.25_deg=81.494828
percent_below_22.5_deg=87.766547
percent_below_30_deg=90.265884
