valid_count=484458
mean_angular_error_deg=7.593669
median_angular_error_deg=0.077181
rmse_angular_error_deg=21.612584
percent_below_11.25_deg=84.169732
percent_below_22.5_deg=89.157368
percent_below_30_deg=91.118735
