valid_count=498744
mean_angular_error_deg=6.237847
median_angular_error_deg=0.064551
rmse_angular_error_deg=19.848977
percent_below_11.25_deg=87.398746
percent_below_22.5_deg=91.286913
percent_below_30_deg=93.042723
