valid_count=498868
mean_angular_error_deg=4.153174
median_angular_error_deg=0.095369
rmse_angular_error_deg=16.086440
percent_below_11.25_deg=91.774778
percent_below_22.5_deg=94.580530
percent_below_30_deg=95.610262
