valid_count=486907
mean_angular_error_deg=3.986059
median_angular_error_deg=0.054162
rmse_angular_error_deg=16.374841
percent_below_11.25_deg=93.012834
percent_below_22.5_deg=94.757931
percent_below_30_deg=95.573487
