valid_count=498526
mean_angular_error_deg=5.044031
median_angular_error_deg=0.072566
rmse_angular_error_deg=17.978101
percent_below_11.25_deg=89.972439
percent_below_22.5_deg=93.081805
percent_below_30_deg=94.496175
