valid_count=476430
mean_angular_error_deg=8.952985
median_angular_error_deg=0.095338
rmse_angular_error_deg=22.811117
percent_below_11.25_deg=81.069202
percent_below_22.5_deg=87.964444
percent_below_30_deg=90.178410
