valid_count=499029
mean_angular_error_deg=4.870114
median_angular_error_deg=0.064515
rmse_angular_error_deg=17.731070
percent_below_11.25_deg=90.636616
percent_below_22.5_deg=93.656080
percent_below_30_deg=94.834970
