valid_count=498483
mean_angular_error_deg=5.609769
median_angular_error_deg=0.061283
rmse_angular_error_deg=19.242866
percent_below_11.25_deg=88.967527
percent_below_22.5_deg=92.392519
percent_below_30_deg=93.747229
