valid_count=498505
mean_angular_error_deg=6.177702
median_angular_error_deg=0.065292
rmse_angular_error_deg=19.520324
percent_below_11.25_deg=86.943361
percent_below_22.5_deg=91.136699
percent_below_30_deg=93.131463
