valid_count=498915
mean_angular_error_deg=2.073648
median_angular_error_deg=0.066937
rmse_angular_error_deg=10.244209
percent_below_11.25_deg=95.542126
percent_below_22.5_deg=97.233396
percent_below_30_deg=97.942134
