valid_count=498735
mean_angular_error_deg=6.804151
median_angular_error_deg=0.067283
rmse_angular_error_deg=21.142638
percent_below_11.25_deg=86.958806
percent_below_22.5_deg=91.171263
percent_below_30_deg=92.956580
