valid_count=498413
mean_angular_error_deg=5.776923
median_angular_error_deg=0.070276
rmse_angular_error_deg=19.291235
percent_below_11.25_deg=88.385134
percent_below_22.5_deg=91.993387
percent_below_30_deg=93.573402
