valid_count=483601
mean_angular_error_deg=5.087361
median_angular_error_deg=0.065032
rmse_angular_error_deg=17.828168
percent_below_11.25_deg=90.299234
percent_below_22.5_deg=93.378632
percent_below_30_deg=94.343064
