valid_count=498976
mean_angular_error_deg=7.940957
median_angular_error_deg=0.064836
rmse_angular_error_deg=23.502972
percent_below_11.25_deg=84.988056
percent_below_22.5_deg=89.313714
percent_below_30_deg=91.047265
