valid_count=491090
mean_angular_error_deg=3.769108
median_angular_error_deg=0.059409
rmse_angular_error_deg=15.503378
percent_below_11.25_deg=92.606243
percent_below_22.5_deg=95.252601
percent_below_30_deg=96.210267
