valid_count=497029
mean_angular_error_deg=3.109146
median_angular_error_deg=0.057810
rmse_angular_error_deg=14.937118
percent_below_11.25_deg=94.411392
percent_below_22.5_deg=96.003453
percent_below_30_deg=96.696370
