valid_count=481209
mean_angular_error_deg=6.471207
median_angular_error_deg=0.057100
rmse_angular_error_deg=23.116633
percent_below_11.25_deg=89.320856
percent_below_22.5_deg=91.950899
percent_below_30_deg=93.185497
