valid_count=498463
mean_angular_error_deg=5.200086
median_angular_error_deg=0.074563
rmse_angular_error_deg=18.133645
percent_below_11.25_deg=89.545062
percent_below_22.5_deg=92.717213
percent_below_30_deg=94.139384
