valid_count=498535
mean_angular_error_deg=6.982203
median_angular_error_deg=0.067775
rmse_angular_error_deg=20.912445
percent_below_11.25_deg=85.439137
percent_below_22.5_deg=90.214127
percent_below_30_deg=92.253302
