valid_count=498378
mean_angular_error_deg=7.306912
median_angular_error_deg=0.069480
rmse_angular_error_deg=22.294428
percent_below_11.25_deg=86.331058
percent_below_22.5_deg=90.496170
percent_below_30_deg=92.241030
