valid_count=498800
mean_angular_error_deg=8.340679
median_angular_error_deg=0.092998
rmse_angular_error_deg=23.115817
percent_below_11.25_deg=82.759824
percent_below_22.5_deg=88.132719
percent_below_30_deg=90.832999
