valid_count=499074
mean_angular_error_deg=2.256192
median_angular_error_deg=0.058426
rmse_angular_error_deg=11.265563
percent_below_11.25_deg=94.905164
percent_below_22.5_deg=97.245899
percent_below_30_deg=98.105291
