valid_count=481693
mean_angular_error_deg=7.229509
median_angular_error_deg=0.075143
rmse_angular_error_deg=22.429827
percent_below_11.25_deg=86.937323
percent_below_22.5_deg=90.557679
percent_below_30_deg=92.189216
