valid_count=499005
mean_angular_error_deg=4.870101
median_angular_error_deg=0.075705
rmse_angular_error_deg=16.933434
percent_below_11.25_deg=89.944189
percent_below_22.5_deg=94.161982
percent_below_30_deg=95.499444
