valid_count=421964
mean_angular_error_deg=6.788118
median_angular_error_deg=0.090830
rmse_angular_error_deg=22.267964
percent_below_11.25_deg=87.667905
percent_below_22.5_deg=91.203752
percent_below_30_deg=92.753410
