valid_count=498843
mean_angular_error_deg=4.751415
median_angular_error_deg=0.062179
rmse_angular_error_deg=16.624785
percent_below_11.25_deg=90.022312
percent_below_22.5_deg=93.383489
percent_below_30_deg=94.833445
