valid_count=496654
mean_angular_error_deg=5.414091
median_angular_error_deg=0.063814
rmse_angular_error_deg=19.669141
percent_below_11.25_deg=90.206260
percent_below_22.5_deg=93.091971
percent_below_30_deg=94.231397
