valid_count=479717
mean_angular_error_deg=5.538555
median_angular_error_deg=0.078484
rmse_angular_error_deg=20.011032
percent_below_11.25_deg=90.137310
percent_below_22.5_deg=92.710494
percent_below_30_deg=93.804055
