valid_count=498330
mean_angular_error_deg=5.190690
median_angular_error_deg=0.082346
rmse_angular_error_deg=20.093786
percent_below_11.25_deg=91.128971
percent_below_22.5_deg=93.567114
percent_below_30_deg=94.536552
