valid_count=499167
mean_angular_error_deg=0.948473
median_angular_error_deg=0.087474
rmse_angular_error_deg=6.986539
percent_below_11.25_deg=98.224242
percent_below_22.5_deg=98.633724
percent_below_30_deg=98.824041
