valid_count=498622
mean_angular_error_deg=1.956705
median_angular_error_deg=0.061408
rmse_angular_error_deg=9.982171
percent_below_11.25_deg=95.630157
percent_below_22.5_deg=97.646514
percent_below_30_deg=98.400993
