valid_count=484929
mean_angular_error_deg=9.923096
median_angular_error_deg=0.075446
rmse_angular_error_deg=27.557565
percent_below_11.25_deg=83.593475
percent_below_22.5_deg=87.362067
percent_below_30_deg=88.864349
