valid_count=499096
mean_angular_error_deg=4.355602
median_angular_error_deg=0.088237
rmse_angular_error_deg=13.907486
percent_below_11.25_deg=88.975468
percent_below_22.5_deg=93.961082
percent_below_30_deg=95.791391
