valid_count=497843
mean_angular_error_deg=7.844521
median_angular_error_deg=0.072374
rmse_angular_error_deg=23.312684
percent_below_11.25_deg=85.302796
percent_below_22.5_deg=89.219694
percent_below_30_deg=90.885480
