valid_count=498455
mean_angular_error_deg=7.482336
median_angular_error_deg=0.076097
rmse_angular_error_deg=22.671766
percent_below_11.25_deg=85.816974
percent_below_22.5_deg=90.447081
percent_below_30_deg=92.223972
