valid_count=492901
mean_angular_error_deg=5.090132
median_angular_error_deg=0.077566
rmse_angular_error_deg=17.164333
percent_below_11.25_deg=89.503572
percent_below_22.5_deg=93.295408
percent_below_30_deg=94.897961
