valid_count=498477
mean_angular_error_deg=15.344080
median_angular_error_deg=0.099256
rmse_angular_error_deg=34.701621
percent_below_11.25_deg=73.034664
percent_below_22.5_deg=78.888896
percent_below_30_deg=82.087438
