valid_count=479168
mean_angular_error_deg=7.603433
median_angular_error_deg=0.086417
rmse_angular_error_deg=21.565516
percent_below_11.25_deg=84.053610
percent_below_22.5_deg=89.468829
percent_below_30_deg=91.876962
