valid_count=486459
mean_angular_error_deg=7.739439
median_angular_error_deg=0.085948
rmse_angular_error_deg=23.330494
percent_below_11.25_deg=85.698898
percent_below_22.5_deg=89.847037
percent_below_30_deg=91.705365
