valid_count=498841
mean_angular_error_deg=6.082026
median_angular_error_deg=0.065637
rmse_angular_error_deg=19.232889
percent_below_11.25_deg=87.434874
percent_below_22.5_deg=91.418508
percent_below_30_deg=93.230709
