valid_count=436951
mean_angular_error_deg=15.754637
median_angular_error_deg=0.086443
rmse_angular_error_deg=35.234641
percent_below_11.25_deg=73.675309
percent_below_22.5_deg=78.456394
percent_below_30_deg=81.055084
