valid_count=498535
mean_angular_error_deg=6.937438
median_angular_error_deg=0.067961
rmse_angular_error_deg=20.860836
percent_below_11.25_deg=85.675830
percent_below_22.5_deg=90.372792
percent_below_30_deg=92.349785
