valid_count=498860
mean_angular_error_deg=4.625418
median_angular_error_deg=0.063193
rmse_angular_error_deg=16.724532
percent_below_11.25_deg=90.539430
percent_below_22.5_deg=93.728902
percent_below_30_deg=95.046506
