valid_count=498909
mean_angular_error_deg=2.467489
median_angular_error_deg=0.065133
rmse_angular_error_deg=11.340926
percent_below_11.25_deg=94.320608
percent_below_22.5_deg=97.034329
percent_below_30_deg=97.922467
