valid_count=482411
mean_angular_error_deg=5.896625
median_angular_error_deg=0.083142
rmse_angular_error_deg=19.214057
percent_below_11.25_deg=88.242805
percent_below_22.5_deg=92.288111
percent_below_30_deg=93.875554
