valid_count=495745
mean_angular_error_deg=7.068638
median_angular_error_deg=0.066250
rmse_angular_error_deg=22.024283
percent_below_11.25_deg=86.896893
percent_below_22.5_deg=90.396272
percent_below_30_deg=91.889379
