valid_count=497355
mean_angular_error_deg=1.833663
median_angular_error_deg=0.057241
rmse_angular_error_deg=9.521436
percent_below_11.25_deg=95.729409
percent_below_22.5_deg=97.711293
percent_below_30_deg=98.485790
