valid_count=434910
mean_angular_error_deg=11.049766
median_angular_error_deg=0.063864
rmse_angular_error_deg=31.779253
percent_below_11.25_deg=83.644432
percent_below_22.5_deg=86.700697
percent_below_30_deg=88.272056
