valid_count=499073
mean_angular_error_deg=2.257009
median_angular_error_deg=0.057892
rmse_angular_error_deg=11.278285
percent_below_11.25_deg=94.905956
percent_below_22.5_deg=97.206220
percent_below_30_deg=98.062608
