valid_count=486317
mean_angular_error_deg=11.488600
median_angular_error_deg=0.082470
rmse_angular_error_deg=28.885627
percent_below_11.25_deg=79.997615
percent_below_22.5_deg=84.679129
percent_below_30_deg=86.651505
