valid_count=498897
mean_angular_error_deg=4.740246
median_angular_error_deg=0.074528
rmse_angular_error_deg=16.541697
percent_below_11.25_deg=90.056264
percent_below_22.5_deg=94.370181
percent_below_30_deg=95.680070
