valid_count=499072
mean_angular_error_deg=2.256161
median_angular_error_deg=0.059128
rmse_angular_error_deg=11.119215
percent_below_11.25_deg=94.856854
percent_below_22.5_deg=97.364308
percent_below_30_deg=98.152972
