valid_count=499112
mean_angular_error_deg=1.890581
median_angular_error_deg=0.053498
rmse_angular_error_deg=9.274398
percent_below_11.25_deg=95.442306
percent_below_22.5_deg=97.639408
percent_below_30_deg=98.442233
