valid_count=495510
mean_angular_error_deg=7.297122
median_angular_error_deg=0.075506
rmse_angular_error_deg=22.201259
percent_below_11.25_deg=86.252952
percent_below_22.5_deg=90.215536
percent_below_30_deg=91.888357
