valid_count=499092
mean_angular_error_deg=2.551128
median_angular_error_deg=0.054678
rmse_angular_error_deg=11.190599
percent_below_11.25_deg=93.986079
percent_below_22.5_deg=96.653122
percent_below_30_deg=97.606453
