valid_count=498188
mean_angular_error_deg=7.122733
median_angular_error_deg=0.060011
rmse_angular_error_deg=22.052417
percent_below_11.25_deg=86.291320
percent_below_22.5_deg=90.479899
percent_below_30_deg=92.190498
