valid_count=498540
mean_angular_error_deg=14.460048
median_angular_error_deg=0.074449
rmse_angular_error_deg=34.666524
percent_below_11.25_deg=78.565010
percent_below_22.5_deg=81.959321
percent_below_30_deg=83.610342
