valid_count=498968
mean_angular_error_deg=5.299401
median_angular_error_deg=0.071754
rmse_angular_error_deg=17.739193
percent_below_11.25_deg=89.264241
percent_below_22.5_deg=93.353081
percent_below_30_deg=94.722106
