valid_count=498978
mean_angular_error_deg=5.231891
median_angular_error_deg=0.073280
rmse_angular_error_deg=17.513672
percent_below_11.25_deg=89.338809
percent_below_22.5_deg=93.477468
percent_below_30_deg=94.827427
