valid_count=498819
mean_angular_error_deg=6.869655
median_angular_error_deg=0.067013
rmse_angular_error_deg=20.535212
percent_below_11.25_deg=85.902502
percent_below_22.5_deg=90.354217
percent_below_30_deg=92.287583
