valid_count=499109
mean_angular_error_deg=2.660738
median_angular_error_deg=0.064740
rmse_angular_error_deg=13.861559
percent_below_11.25_deg=95.425849
percent_below_22.5_deg=96.664656
percent_below_30_deg=97.116662
