valid_count=488580
mean_angular_error_deg=4.562091
median_angular_error_deg=0.066877
rmse_angular_error_deg=16.642425
percent_below_11.25_deg=90.667240
percent_below_22.5_deg=93.823529
percent_below_30_deg=95.001433
