valid_count=498374
mean_angular_error_deg=18.887278
median_angular_error_deg=0.099852
rmse_angular_error_deg=40.994897
percent_below_11.25_deg=72.192370
percent_below_22.5_deg=77.216709
percent_below_30_deg=79.516187
